X1 lower, X1 upper, Result, Total Time, DNN Time, Num Branches, Num Flowpipes
0.652550, 0.652600, SAFE, 4437.016885, 1882.500366, 2, 12858
0.652600, 0.652650, SAFE, 4465.350705, 1900.141479, 2, 12858
0.652500, 0.652550, SAFE, 4474.800644, 1906.044922, 2, 12858
0.652650, 0.652700, SAFE, 4474.701379, 1922.406006, 2, 12858
0.652850, 0.652900, SAFE, 4502.394441, 1908.279785, 2, 12858
0.652900, 0.652950, SAFE, 4515.549240, 1928.485596, 2, 12858
0.652750, 0.652800, SAFE, 4526.444456, 1922.151367, 2, 12858
0.652700, 0.652750, SAFE, 4535.745799, 1909.021729, 2, 12858
0.652800, 0.652850, SAFE, 4536.655427, 1908.941650, 2, 12858
0.652950, 0.653000, SAFE, 4568.931561, 1954.755493, 2, 12858
0.650000, 0.650050, SAFE, 6786.461735, 2921.969482, 2, 19099
0.650100, 0.650150, SAFE, 6822.792313, 2968.312500, 2, 19099
0.650050, 0.650100, SAFE, 6850.846375, 2930.747803, 2, 19099
0.653000, 0.653050, SAFE, 4500.331876, 1953.358765, 2, 12858
0.653150, 0.653200, SAFE, 4489.871282, 1903.687500, 2, 12858
0.653250, 0.653300, SAFE, 4519.207126, 1918.958740, 2, 12858
0.653300, 0.653350, SAFE, 4522.253065, 1944.799805, 2, 12858
0.653050, 0.653100, SAFE, 4590.046512, 1953.725830, 2, 12858
0.653400, 0.653450, SAFE, 4504.426465, 1919.174072, 2, 12858
0.653200, 0.653250, SAFE, 4533.625472, 1927.436157, 2, 12858
0.653100, 0.653150, SAFE, 4582.332014, 1966.333496, 2, 12858
0.653350, 0.653400, SAFE, 4547.863643, 1922.267944, 2, 12858
0.653450, 0.653500, SAFE, 4621.641021, 1990.333374, 2, 12858
0.651450, 0.651500, SAFE, 9619.393864, 4289.674316, 7, 25131
0.651600, 0.651650, SAFE, 9623.250980, 4260.846680, 7, 25131
0.651700, 0.651750, SAFE, 9622.267660, 4289.178711, 7, 25131
0.651500, 0.651550, SAFE, 9635.164997, 4287.448730, 7, 25131
0.651750, 0.651800, SAFE, 9655.303524, 4245.969727, 7, 25131
0.651650, 0.651700, SAFE, 9674.038039, 4283.370605, 7, 25131
0.650400, 0.650450, SAFE, 10699.801114, 4728.342773, 8, 28389
0.650350, 0.650400, SAFE, 10877.628500, 4791.593262, 8, 28389
0.650450, 0.650500, SAFE, 10993.506021, 4800.736328, 8, 28389
0.651550, 0.651600, SAFE, 11152.645314, 4903.370117, 8, 29477
0.651350, 0.651400, SAFE, 11267.870702, 4989.792969, 8, 29477
0.653500, 0.653550, SAFE, 4502.697354, 1929.562500, 2, 12858
0.653600, 0.653650, SAFE, 4526.737798, 1947.315674, 2, 12858
0.653550, 0.653600, SAFE, 4564.983369, 1973.363037, 2, 12858
0.651850, 0.651900, SAFE, 11466.609681, 5003.391602, 9, 31079
0.652050, 0.652100, SAFE, 11470.363853, 4978.415039, 9, 31079
0.651800, 0.651850, SAFE, 11518.401520, 5041.494141, 9, 31079
0.652000, 0.652050, SAFE, 11620.975079, 5082.008789, 9, 31079
0.650150, 0.650200, SAFE, 12719.205356, 5492.589355, 6, 35689
0.651400, 0.651450, SAFE, 13226.550791, 5772.806152, 10, 35176
0.651950, 0.652000, SAFE, 13245.065780, 5777.767090, 11, 36778
0.653700, 0.653750, SAFE, 4497.031467, 1933.565063, 2, 12858
0.653650, 0.653700, SAFE, 4548.641874, 1942.988892, 2, 12858
0.653950, 0.654000, SAFE, 4463.026650, 1910.829468, 2, 12858
0.653800, 0.653850, SAFE, 4497.919740, 1919.053833, 2, 12858
0.653750, 0.653800, SAFE, 4519.870875, 1912.315674, 2, 12858
0.653850, 0.653900, SAFE, 4531.994835, 1929.467651, 2, 12858
0.653900, 0.653950, SAFE, 4656.636600, 1924.334229, 2, 12858
0.651300, 0.651350, SAFE, 14094.030581, 6133.607910, 12, 37732
0.651900, 0.651950, SAFE, 14173.967985, 6142.192383, 13, 39091
0.650200, 0.650250, SAFE, 14482.304807, 6152.519531, 8, 40085
0.650500, 0.650550, SAFE, 14664.801405, 6498.477051, 13, 38392
0.650950, 0.651000, SAFE, 15021.779186, 6696.154785, 13, 38392
0.651000, 0.651050, SAFE, 15076.853934, 6685.287598, 15, 39402
0.651050, 0.651100, SAFE, 15190.064070, 6793.166016, 15, 39402
0.650900, 0.650950, SAFE, 15237.033501, 6790.789551, 15, 39402
0.651100, 0.651150, SAFE, 15257.031636, 6824.398926, 16, 40289
0.651150, 0.651200, SAFE, 15312.858283, 6783.671387, 15, 40167
0.651250, 0.651300, SAFE, 15410.451314, 6834.444824, 15, 40972
0.650600, 0.650650, SAFE, 16239.785484, 7244.986816, 13, 41509
0.650250, 0.650300, SAFE, 16300.170738, 7069.288086, 11, 43817
0.650750, 0.650800, SAFE, 16367.105635, 7326.854492, 15, 41748
0.650650, 0.650700, SAFE, 16412.016210, 7321.322754, 14, 41625
0.650850, 0.650900, SAFE, 16477.640102, 7289.761230, 16, 42642
0.650300, 0.650350, SAFE, 16495.720606, 7052.493652, 12, 44456
0.650800, 0.650850, SAFE, 16651.791518, 7344.914551, 16, 42378
0.654000, 0.654050, SAFE, 7582.847276, 3203.858154, 3, 21554
0.652200, 0.652250, SAFE, 16901.333863, 7195.434082, 13, 48729
0.650550, 0.650600, SAFE, 17114.999772, 7595.659180, 15, 44084
0.652250, 0.652300, SAFE, 17141.936332, 7205.098633, 13, 48729
0.652300, 0.652350, SAFE, 17354.281683, 7384.805176, 13, 48729
0.652350, 0.652400, SAFE, 17396.095092, 7423.177246, 13, 48729
0.652400, 0.652450, SAFE, 17864.172203, 7618.579590, 14, 48844
0.650700, 0.650750, SAFE, 17856.708161, 8091.771484, 16, 44720
0.654050, 0.654100, SAFE, 9091.166078, 3890.633057, 4, 25577
0.654750, 0.654800, SAFE, 7443.429557, 3180.414551, 2, 21434
0.654850, 0.654900, SAFE, 7403.350104, 3162.645996, 2, 21434
0.654800, 0.654850, SAFE, 7492.899672, 3185.322754, 2, 21434
0.652150, 0.652200, SAFE, 20001.286464, 8497.943359, 14, 57425
0.655000, 0.655050, SAFE, 8407.964086, 3671.885498, 7, 23157
0.656300, 0.656350, SAFE, 4150.043486, 1692.164062, 2, 13119
0.656350, 0.656400, SAFE, 4228.968179, 1706.631104, 2, 13119
0.656400, 0.656450, SAFE, 4181.679804, 1719.052368, 2, 13119
0.656450, 0.656500, SAFE, 4207.080858, 1714.828857, 2, 13119
0.656500, 0.656550, SAFE, 4210.282451, 1713.536133, 2, 13119
0.655050, 0.655100, SAFE, 8415.732332, 3660.148438, 7, 23157
0.656600, 0.656650, SAFE, 4174.865957, 1692.728271, 2, 13119
0.656550, 0.656600, SAFE, 4231.082989, 1725.937378, 2, 13119
0.651200, 0.651250, SAFE, 21557.062967, 9398.793945, 27, 59311
0.655100, 0.655150, SAFE, 8384.810715, 3640.313721, 7, 23157
0.656750, 0.656800, SAFE, 3786.466587, 1519.210083, 1, 11960
0.656800, 0.656850, SAFE, 3778.643547, 1508.353516, 1, 11960
0.656850, 0.656900, SAFE, 3736.491515, 1490.579224, 1, 11960
0.656900, 0.656950, SAFE, 3743.782062, 1515.561523, 1, 11960
0.656950, 0.657000, SAFE, 3754.901771, 1515.199829, 1, 11960
0.657000, 0.657050, SAFE, 3763.334036, 1516.792603, 1, 11960
0.652450, 0.652500, SAFE, 22908.878843, 9745.002930, 18, 65443
0.654650, 0.654700, SAFE, 12014.672357, 5069.796875, 4, 34146
0.657050, 0.657100, SAFE, 3756.113157, 1506.486938, 1, 11960
0.656250, 0.656300, SAFE, 7437.449226, 2946.987549, 3, 23896
0.655150, 0.655200, SAFE, 11421.715481, 4848.206543, 8, 32637
0.654950, 0.655000, SAFE, 13192.798121, 5448.814453, 9, 38990
0.655450, 0.655500, SAFE, 11611.680845, 4973.850586, 8, 32637
0.655350, 0.655400, SAFE, 11691.815701, 5063.771973, 8, 32637
0.655400, 0.655450, SAFE, 11702.437740, 5027.107910, 8, 32637
0.655250, 0.655300, SAFE, 11802.766511, 5104.334961, 8, 32637
0.655300, 0.655350, SAFE, 11857.313376, 5117.506836, 8, 32637
0.656700, 0.656750, SAFE, 9418.545076, 3954.993164, 6, 27626
0.657400, 0.657450, SAFE, 6585.563998, 2893.130615, 5, 17389
0.657450, 0.657500, SAFE, 6650.120204, 2919.438965, 5, 17389
0.655200, 0.655250, SAFE, 14532.232754, 6175.641602, 9, 41854
0.654900, 0.654950, SAFE, 16673.979995, 6846.896973, 8, 50296
0.657650, 0.657700, SAFE, 6523.455547, 2820.879883, 5, 17389
0.657600, 0.657650, SAFE, 6555.095338, 2898.451172, 5, 17389
0.657550, 0.657600, SAFE, 6676.327563, 2940.270264, 5, 17389
0.657500, 0.657550, SAFE, 6873.736919, 2929.574707, 5, 17389
0.657700, 0.657750, SAFE, 6643.322780, 2913.512451, 5, 17389
0.657750, 0.657800, SAFE, 6713.096065, 2949.885498, 5, 17389
0.657800, 0.657850, SAFE, 6613.378856, 2903.994385, 5, 17389
0.657900, 0.657950, SAFE, 6597.923091, 2906.083252, 5, 17389
0.657850, 0.657900, SAFE, 6682.675954, 2974.834717, 5, 17389
0.657950, 0.658000, SAFE, 6673.031659, 2910.134277, 5, 17389
0.656650, 0.656700, SAFE, 12477.974088, 5201.122070, 8, 36186
0.657350, 0.657400, SAFE, 10294.823824, 4366.199707, 7, 28805
0.656200, 0.656250, SAFE, 15101.266761, 6382.368652, 8, 43290
0.657300, 0.657350, SAFE, 10788.226825, 4640.875488, 8, 29704
0.652100, 0.652150, SAFE, 32209.212939, 13445.666016, 30, 92834
0.657150, 0.657200, SAFE, 13248.680545, 5576.147949, 8, 37244
0.655550, 0.655600, SAFE, 20756.733743, 8888.758789, 16, 58279
0.655600, 0.655650, SAFE, 20877.105158, 8949.742188, 16, 58279
0.656050, 0.656100, SAFE, 19712.678101, 8421.369141, 13, 56352
0.655650, 0.655700, SAFE, 20806.645618, 8953.618164, 16, 58279
0.656150, 0.656200, SAFE, 18986.072299, 8011.366211, 11, 54820
0.655900, 0.655950, SAFE, 20071.617343, 8540.524414, 14, 56996
0.655950, 0.656000, SAFE, 20206.019774, 8704.570312, 14, 56996
0.656000, 0.656050, SAFE, 20151.948144, 8612.561523, 14, 56996
0.658050, 0.658100, SAFE, 11726.555291, 5049.846191, 5, 32009
0.655750, 0.655800, SAFE, 20523.278668, 8799.728516, 16, 58279
0.655850, 0.655900, SAFE, 20421.581609, 8761.428711, 16, 58279
0.655800, 0.655850, SAFE, 20587.248531, 8855.425781, 16, 58279
0.655700, 0.655750, SAFE, 21102.265160, 8880.275391, 16, 58279
0.657100, 0.657150, SAFE, 15743.862833, 6803.516113, 15, 43464
0.657200, 0.657250, SAFE, 15448.041578, 6674.817383, 11, 41848
0.656100, 0.656150, SAFE, 20101.749152, 8557.871094, 14, 56996
0.658000, 0.658050, SAFE, 13644.709896, 5815.741211, 7, 39964
0.658100, 0.658150, SAFE, 13158.378639, 5678.725586, 6, 36027
0.658200, 0.658250, SAFE, 12578.986268, 5411.447754, 5, 34274
0.658250, 0.658300, SAFE, 12476.259406, 5395.530762, 5, 34274
0.658300, 0.658350, SAFE, 12483.227267, 5362.897461, 5, 34274
0.658400, 0.658450, SAFE, 12479.197295, 5424.201660, 5, 34274
0.655500, 0.655550, SAFE, 24069.991911, 10301.439453, 22, 67798
0.658350, 0.658400, SAFE, 12620.990391, 5413.129395, 5, 34274
0.657250, 0.657300, SAFE, 18207.233245, 7836.406738, 19, 49752
0.658150, 0.658200, SAFE, 15531.321651, 6679.157715, 6, 42453
0.659800, 0.659850, SAFE, 6605.379209, 2909.509521, 5, 17389
0.658450, 0.658500, SAFE, 16580.085056, 7009.109863, 10, 46528
0.659750, 0.659800, SAFE, 6728.270277, 2983.144043, 5, 17389
0.659950, 0.660000, SAFE, 6593.064132, 2884.413330, 5, 17389
0.659900, 0.659950, SAFE, 6628.869835, 2906.889160, 5, 17389
0.659850, 0.659900, SAFE, 6679.472824, 2963.306885, 5, 17389
0.660000, 0.660050, SAFE, 6700.641718, 2945.645264, 5, 17389
0.660050, 0.660100, SAFE, 6723.586726, 2992.421143, 5, 17389
0.660100, 0.660150, SAFE, 6669.824958, 2932.832275, 5, 17389
0.660200, 0.660250, SAFE, 6621.831599, 2938.561035, 5, 17389
0.660150, 0.660200, SAFE, 6633.583557, 2887.059814, 5, 17389
0.660250, 0.660300, SAFE, 6604.187989, 2918.910645, 5, 17389
0.660300, 0.660350, SAFE, 6576.444949, 2871.715820, 5, 17389
0.660350, 0.660400, SAFE, 6487.372627, 2837.732178, 5, 17389
0.660400, 0.660450, SAFE, 6411.567417, 2810.964844, 5, 17389
0.654700, 0.654750, SAFE, 32340.548749, 14304.690430, 25, 84210
0.660450, 0.660500, SAFE, 6558.331597, 2826.999268, 5, 17389
0.660600, 0.660650, SAFE, 6431.762485, 2807.764160, 5, 17389
0.660550, 0.660600, SAFE, 6535.569555, 2890.589844, 5, 17389
0.660500, 0.660550, SAFE, 6597.923125, 2877.648438, 5, 17389
0.660650, 0.660700, SAFE, 6526.608319, 2865.770996, 5, 17389
0.660700, 0.660750, SAFE, 6474.906583, 2820.343018, 5, 17389
0.660750, 0.660800, SAFE, 6513.539558, 2837.426758, 5, 17389
0.660800, 0.660850, SAFE, 6577.901168, 2875.973389, 5, 17389
0.660850, 0.660900, SAFE, 6507.358726, 2832.110352, 5, 17389
0.660900, 0.660950, SAFE, 6489.969220, 2826.721924, 5, 17389
0.660950, 0.661000, SAFE, 6546.919955, 2888.278320, 5, 17389
0.661050, 0.661100, SAFE, 6466.320155, 2823.067139, 5, 17389
0.661000, 0.661050, SAFE, 6512.793052, 2840.841553, 5, 17389
0.661100, 0.661150, SAFE, 6470.099657, 2841.277100, 5, 17389
0.661200, 0.661250, SAFE, 6480.358038, 2819.295166, 5, 17389
0.661300, 0.661350, SAFE, 6425.442700, 2793.800293, 5, 17389
0.661150, 0.661200, SAFE, 6547.660642, 2828.911621, 5, 17389
0.661250, 0.661300, SAFE, 6522.461434, 2833.648682, 5, 17389
0.661350, 0.661400, SAFE, 6509.734345, 2841.791260, 5, 17389
0.661400, 0.661450, SAFE, 6403.046437, 2806.640625, 4, 16750
0.661450, 0.661500, SAFE, 6415.815756, 2843.228760, 4, 16750
0.661500, 0.661550, SAFE, 6352.361444, 2784.697754, 4, 16750
0.661550, 0.661600, SAFE, 6373.266082, 2799.342529, 4, 16750
0.661600, 0.661650, SAFE, 6355.851784, 2802.528076, 4, 16750
0.658500, 0.658550, SAFE, 24783.178114, 10660.236328, 20, 68963
0.659650, 0.659700, SAFE, 16988.288415, 7257.879883, 10, 46311
0.658600, 0.658650, SAFE, 24756.369511, 10655.617188, 21, 67535
0.659450, 0.659500, SAFE, 21302.980631, 9053.157227, 13, 58626
0.659500, 0.659550, SAFE, 21015.340836, 9002.791016, 13, 58626
0.662500, 0.662550, SAFE, 6190.590550, 2666.310059, 8, 18180
0.659600, 0.659650, SAFE, 20114.568809, 8459.950195, 12, 57727
0.662450, 0.662500, SAFE, 6281.830123, 2683.629883, 8, 18180
0.659550, 0.659600, SAFE, 20395.735627, 8640.732422, 12, 57727
0.662550, 0.662600, SAFE, 6241.923797, 2657.555908, 8, 18180
0.662600, 0.662650, SAFE, 6242.917285, 2696.990967, 8, 18180
0.662650, 0.662700, SAFE, 6260.711538, 2657.757080, 8, 18180
0.659700, 0.659750, SAFE, 20707.679350, 9112.671875, 17, 54667
0.662700, 0.662750, SAFE, 6224.529862, 2699.028564, 8, 18180
0.662750, 0.662800, SAFE, 6305.040187, 2700.882568, 8, 18180
0.662800, 0.662850, SAFE, 6176.523374, 2636.827881, 8, 18180
0.661800, 0.661850, SAFE, 11970.934419, 5016.971191, 13, 34869
0.661750, 0.661800, SAFE, 12087.570339, 5155.591309, 13, 34869
0.661900, 0.661950, SAFE, 12018.719190, 5076.913086, 13, 34869
0.661850, 0.661900, SAFE, 12080.521627, 5072.833008, 13, 34869
0.661950, 0.662000, SAFE, 11908.612112, 4996.745117, 13, 34869
0.662850, 0.662900, SAFE, 6329.268921, 2690.219727, 8, 18180
0.662900, 0.662950, SAFE, 6284.665809, 2692.404785, 8, 18180
0.661700, 0.661750, SAFE, 14530.635736, 6018.264160, 14, 43051
0.662000, 0.662050, SAFE, 12017.195801, 5087.362793, 13, 34869
0.662400, 0.662450, SAFE, 10145.255594, 4216.539062, 10, 29857
0.662950, 0.663000, SAFE, 6319.515787, 2678.201416, 8, 18180
0.663000, 0.663050, SAFE, 6325.336418, 2735.891357, 8, 18180
0.662050, 0.662100, SAFE, 12148.450265, 5152.487793, 13, 34869
0.662100, 0.662150, SAFE, 12198.271445, 5229.998047, 16, 35178
0.662150, 0.662200, SAFE, 12270.303610, 5257.850586, 16, 35178
0.662250, 0.662300, SAFE, 12238.056209, 5246.570312, 16, 35178
0.662200, 0.662250, SAFE, 12341.815850, 5293.643066, 16, 35178
0.662300, 0.662350, SAFE, 12331.579159, 5334.914551, 16, 35178
0.663050, 0.663100, SAFE, 6332.027933, 2730.289307, 8, 18180
0.662350, 0.662400, SAFE, 12478.237362, 5258.379395, 16, 35178
0.663100, 0.663150, SAFE, 6325.555569, 2712.794678, 8, 18180
0.663150, 0.663200, SAFE, 6360.769196, 2724.431152, 8, 18180
Covered Ranges:
0.650000, 0.654100
0.654650, 0.658550
0.658600, 0.658650
0.659450, 0.661650
0.661700, 0.663200
Uncovered Ranges:
0.654100, 0.654650
0.658550, 0.658600
0.658650, 0.659450
0.661650, 0.661700