X1 lower, X1 upper, Result, Total Time, DNN Time, Num Branches, Num Flowpipes
0.750000, 0.750050, SAFE, 3845.402365, 1576.671875, 1, 11963
0.752150, 0.752200, SAFE, 4042.127227, 1717.245972, 1, 11963
0.752300, 0.752350, SAFE, 5164.573422, 2246.657471, 2, 14418
0.752350, 0.752400, SAFE, 5271.036372, 2268.389648, 2, 14418
0.752200, 0.752250, SAFE, 7042.123875, 2968.913330, 2, 20143
0.750650, 0.750700, SAFE, 7352.208080, 3063.909180, 3, 22085
0.750700, 0.750750, SAFE, 7371.279887, 3038.088623, 3, 22085
0.751500, 0.751550, SAFE, 7378.762844, 3008.496094, 3, 22340
0.751100, 0.751150, SAFE, 7423.113112, 3031.200928, 3, 22340
0.751200, 0.751250, SAFE, 7421.953068, 3027.127441, 3, 22340
0.751450, 0.751500, SAFE, 7419.596715, 3035.843994, 3, 22340
0.750350, 0.750400, SAFE, 7425.996454, 3092.351807, 3, 22085
0.750750, 0.750800, SAFE, 7423.472939, 3092.440918, 3, 22085
0.750550, 0.750600, SAFE, 7436.887046, 3081.606445, 3, 22085
0.751250, 0.751300, SAFE, 7443.918010, 3017.781494, 3, 22340
0.750500, 0.750550, SAFE, 7470.587575, 3072.939697, 3, 22085
0.750400, 0.750450, SAFE, 7478.613999, 3118.243164, 3, 22085
0.751400, 0.751450, SAFE, 7489.277168, 3064.833008, 3, 22340
0.751150, 0.751200, SAFE, 7490.059575, 3053.433838, 3, 22340
0.751550, 0.751600, SAFE, 7502.661265, 3038.851562, 3, 22340
0.750600, 0.750650, SAFE, 7507.473593, 3095.362061, 3, 22085
0.751350, 0.751400, SAFE, 7509.942340, 3071.146240, 3, 22340
0.750450, 0.750500, SAFE, 7512.335924, 3106.694336, 3, 22085
0.751300, 0.751350, SAFE, 7558.351101, 3092.225830, 3, 22340
0.751050, 0.751100, SAFE, 7613.195739, 3097.428223, 4, 23227
0.751000, 0.751050, SAFE, 7649.186584, 3111.841797, 4, 23227
0.750900, 0.750950, SAFE, 7719.261567, 3118.378906, 4, 23227
0.750950, 0.751000, SAFE, 7732.590192, 3137.730713, 4, 23227
0.752250, 0.752300, SAFE, 8238.073983, 3571.091064, 3, 22601
0.751750, 0.751800, SAFE, 9438.037150, 3986.517334, 7, 27226
0.751850, 0.751900, SAFE, 9517.765218, 4074.678711, 7, 27226
0.751800, 0.751850, SAFE, 9623.711317, 4124.139648, 7, 27226
0.751900, 0.751950, SAFE, 9677.898829, 4144.253906, 7, 27226
0.751950, 0.752000, SAFE, 9954.138593, 4254.143555, 8, 28385
0.752000, 0.752050, SAFE, 10124.025136, 4302.785645, 8, 28385
0.752050, 0.752100, SAFE, 10271.288429, 4417.146484, 8, 28385
0.750800, 0.750850, SAFE, 10844.842262, 4480.941895, 6, 32049
0.753050, 0.753100, SAFE, 6842.773913, 2716.408691, 5, 21008
0.750100, 0.750150, SAFE, 11769.929455, 4892.690918, 7, 35304
0.752950, 0.753000, SAFE, 12001.690278, 5033.884766, 7, 34222
0.750200, 0.750250, SAFE, 12133.376895, 5093.525391, 6, 35180
0.753950, 0.754000, SAFE, 4614.145966, 1931.493164, 2, 13631
0.754000, 0.754050, SAFE, 4616.457566, 1954.443359, 2, 13631
0.753800, 0.753850, SAFE, 4653.430498, 1947.128174, 2, 13631
0.753900, 0.753950, SAFE, 4631.613824, 1935.446411, 2, 13631
0.750150, 0.750200, SAFE, 12186.082221, 5131.876465, 7, 35304
0.754100, 0.754150, SAFE, 4662.528066, 1955.875122, 2, 13631
0.753850, 0.753900, SAFE, 4705.667446, 1946.310425, 2, 13631
0.754050, 0.754100, SAFE, 4689.878602, 1963.665649, 2, 13631
0.754150, 0.754200, SAFE, 4681.903613, 1956.977539, 2, 13631
0.750300, 0.750350, SAFE, 12292.002754, 5170.710938, 6, 35180
0.750250, 0.750300, SAFE, 12301.584372, 5257.604980, 6, 35180
0.754200, 0.754250, SAFE, 4706.861302, 1949.378906, 2, 13631
0.754250, 0.754300, SAFE, 4694.812248, 1960.082520, 2, 13631
0.754350, 0.754400, SAFE, 4651.577665, 1955.933960, 2, 13631
0.754300, 0.754350, SAFE, 4687.366889, 1969.206909, 2, 13631
0.754400, 0.754450, SAFE, 4713.984731, 1989.332520, 2, 13631
0.750050, 0.750100, SAFE, 12997.912769, 5547.737305, 9, 36816
0.753000, 0.753050, SAFE, 9891.766460, 4055.010986, 6, 29445
0.754450, 0.754500, SAFE, 4717.488972, 1986.990234, 2, 13631
0.753700, 0.753750, SAFE, 6768.029885, 2647.306396, 2, 21960
0.751700, 0.751750, SAFE, 14263.138656, 5940.910156, 11, 41226
0.753750, 0.753800, SAFE, 8885.379086, 3663.292236, 6, 26845
0.755250, 0.755300, SAFE, 4272.516945, 1747.589233, 2, 13128
0.755100, 0.755150, SAFE, 4315.168065, 1780.085938, 2, 13128
0.755150, 0.755200, SAFE, 4323.314891, 1781.297729, 2, 13128
0.755050, 0.755100, SAFE, 4331.864370, 1786.702515, 2, 13128
0.755200, 0.755250, SAFE, 4301.464097, 1755.328491, 2, 13128
0.755350, 0.755400, SAFE, 4279.791211, 1733.372437, 2, 13128
0.755300, 0.755350, SAFE, 4300.950859, 1746.672485, 2, 13128
0.755400, 0.755450, SAFE, 4301.814264, 1764.454468, 2, 13128
0.750850, 0.750900, SAFE, 16608.632298, 7029.981445, 12, 46780
0.755800, 0.755850, SAFE, 3911.520940, 1575.174194, 1, 11960
0.755850, 0.755900, SAFE, 3884.256637, 1559.285400, 1, 11960
0.754700, 0.754750, SAFE, 6778.064813, 2846.706543, 3, 19477
0.753100, 0.753150, SAFE, 11891.371175, 4665.079590, 11, 38632
0.754750, 0.754800, SAFE, 6819.675303, 2890.016846, 3, 19477
0.754500, 0.754550, SAFE, 7962.480108, 3282.121582, 4, 23492
0.754800, 0.754850, SAFE, 6762.223574, 2875.982178, 3, 19477
0.755900, 0.755950, SAFE, 3884.536921, 1591.043701, 1, 11960
0.755650, 0.755700, SAFE, 5356.150404, 2204.266846, 2, 15975
0.754850, 0.754900, SAFE, 6824.781750, 2867.036133, 3, 19477
0.755950, 0.756000, SAFE, 3741.247983, 1519.896118, 1, 11960
0.755450, 0.755500, SAFE, 5746.516102, 2395.132080, 3, 17140
0.756000, 0.756050, SAFE, 3835.932749, 1562.936646, 1, 11960
0.755750, 0.755800, SAFE, 5696.760931, 2367.374023, 3, 17140
0.755700, 0.755750, SAFE, 5737.198033, 2344.546387, 3, 17140
0.756050, 0.756100, SAFE, 3883.193273, 1602.182739, 1, 11960
0.755500, 0.755550, SAFE, 6240.399007, 2574.596191, 4, 18308
0.755550, 0.755600, SAFE, 6242.166636, 2586.254395, 4, 18308
0.754900, 0.754950, SAFE, 6788.369858, 2897.107178, 3, 19477
0.755600, 0.755650, SAFE, 6247.010151, 2576.294189, 4, 18308
0.755000, 0.755050, SAFE, 7752.940124, 3129.560059, 3, 24165
0.753450, 0.753500, SAFE, 12644.144903, 5380.205078, 7, 35558
0.753550, 0.753600, SAFE, 12756.460499, 5407.692383, 7, 35558
0.756100, 0.756150, SAFE, 3827.566308, 1545.270630, 1, 11960
0.756200, 0.756250, SAFE, 3823.004322, 1554.235596, 1, 11960
0.753200, 0.753250, SAFE, 13254.662193, 5347.797363, 10, 39296
0.756400, 0.756450, SAFE, 3799.127955, 1560.105957, 1, 11960
0.756250, 0.756300, SAFE, 3797.474539, 1545.373535, 1, 11960
0.756350, 0.756400, SAFE, 3803.416959, 1538.087402, 1, 11960
0.753500, 0.753550, SAFE, 12884.266909, 5486.066895, 7, 35558
0.756300, 0.756350, SAFE, 3845.149590, 1559.360474, 1, 11960
0.756450, 0.756500, SAFE, 3823.152486, 1552.538696, 1, 11960
0.756150, 0.756200, SAFE, 3906.180121, 1597.847412, 1, 11960
0.756500, 0.756550, SAFE, 3823.012694, 1565.702759, 1, 11960
0.756550, 0.756600, SAFE, 3836.317085, 1544.459473, 1, 11960
0.753150, 0.753200, SAFE, 15327.077760, 6155.087402, 12, 47072
0.754950, 0.755000, SAFE, 8620.075576, 3569.288086, 5, 26202
0.756650, 0.756700, SAFE, 3816.008416, 1562.501465, 1, 11960
0.756600, 0.756650, SAFE, 3865.336080, 1561.647095, 1, 11960
0.753250, 0.753300, SAFE, 13670.005662, 5595.673828, 11, 40193
0.754650, 0.754700, SAFE, 12031.638762, 5117.168457, 11, 33924
0.757250, 0.757300, SAFE, 4339.040604, 1811.772949, 2, 12868
0.757350, 0.757400, SAFE, 4351.028695, 1860.549072, 2, 12868
0.757300, 0.757350, SAFE, 4425.109607, 1865.833496, 2, 12868
0.756700, 0.756750, SAFE, 5698.247896, 2297.215088, 3, 17401
0.756750, 0.756800, SAFE, 5645.098596, 2299.298584, 2, 17023
0.754600, 0.754650, SAFE, 13054.095441, 5589.121094, 13, 36754
0.756800, 0.756850, SAFE, 5634.111072, 2311.225342, 2, 17023
0.757400, 0.757450, SAFE, 4346.258001, 1815.975830, 2, 12868
0.757500, 0.757550, SAFE, 4340.241732, 1810.340454, 2, 12868
0.757450, 0.757500, SAFE, 4390.037404, 1850.485718, 2, 12868
0.757550, 0.757600, SAFE, 4415.597988, 1841.531494, 2, 12868
0.756950, 0.757000, SAFE, 5572.208417, 2271.969482, 2, 17023
0.751600, 0.751650, SAFE, 23256.847493, 9950.976562, 16, 64155
0.752400, 0.752450, SAFE, 23387.233483, 10014.376953, 16, 65671
0.756850, 0.756900, SAFE, 6133.714402, 2529.275879, 3, 18191
0.752700, 0.752750, SAFE, 23779.141487, 10360.417969, 15, 64515
0.756900, 0.756950, SAFE, 6179.238175, 2541.675781, 3, 18191
0.752100, 0.752150, SAFE, 23918.217741, 9933.208008, 15, 69000
0.752650, 0.752700, SAFE, 23921.166470, 10409.892578, 15, 64515
0.752600, 0.752650, SAFE, 23968.913377, 10346.205078, 15, 64515
0.752800, 0.752850, SAFE, 23978.296714, 10431.291992, 15, 65822
0.752750, 0.752800, SAFE, 23989.945460, 10358.288086, 15, 64515
0.752850, 0.752900, SAFE, 24039.412829, 10352.987305, 15, 65822
0.752500, 0.752550, SAFE, 24050.684287, 10424.152344, 16, 65671
0.753600, 0.753650, SAFE, 16665.565324, 6975.188965, 10, 48215
0.752550, 0.752600, SAFE, 24140.951361, 10467.206055, 16, 65671
0.757600, 0.757650, SAFE, 4405.962529, 1853.441650, 2, 12868
0.753350, 0.753400, SAFE, 17730.695201, 7250.327637, 8, 51612
0.753400, 0.753450, SAFE, 17924.415259, 7369.464844, 11, 53777
0.752450, 0.752500, SAFE, 25904.372542, 11225.189453, 23, 71954
0.751650, 0.751700, SAFE, 26392.692591, 11166.075195, 27, 75585
0.757000, 0.757050, SAFE, 8711.373916, 3373.922363, 5, 28307
0.757200, 0.757250, SAFE, 8528.902143, 3387.126465, 4, 26878
0.759100, 0.759150, SAFE, 4259.147211, 1719.186646, 3, 13503
0.759150, 0.759200, SAFE, 4235.121925, 1689.696167, 3, 13503
0.759200, 0.759250, SAFE, 4248.588043, 1692.609741, 3, 13503
0.753650, 0.753700, SAFE, 20032.600008, 8300.728516, 12, 58331
0.758100, 0.758150, SAFE, 7147.638516, 2860.899414, 4, 22189
0.759250, 0.759300, SAFE, 4248.396905, 1739.211182, 3, 13503
0.758050, 0.758100, SAFE, 7229.474283, 2920.896729, 4, 22189
0.758250, 0.758300, SAFE, 7232.041143, 2911.729736, 4, 22189
0.759300, 0.759350, SAFE, 4242.587104, 1720.387939, 3, 13503
0.758300, 0.758350, SAFE, 7187.442093, 2917.410400, 4, 22189
0.758200, 0.758250, SAFE, 7285.590630, 2943.460938, 4, 22189
0.753300, 0.753350, SAFE, 20271.025852, 8399.409180, 16, 58753
0.758150, 0.758200, SAFE, 7379.157866, 2902.971191, 4, 22189
0.758400, 0.758450, SAFE, 7194.914014, 2876.971191, 4, 22189
0.758350, 0.758400, SAFE, 7206.508647, 2883.282471, 4, 22189
0.759800, 0.759850, SAFE, 3832.213554, 1527.919800, 1, 11963
0.758450, 0.758500, SAFE, 7214.201622, 2930.260254, 4, 22189
0.759850, 0.759900, SAFE, 3867.574890, 1539.126221, 1, 11963
0.759350, 0.759400, SAFE, 4275.980130, 1731.191162, 3, 13503
0.758500, 0.758550, SAFE, 7241.323158, 2904.196533, 4, 22189
0.759900, 0.759950, SAFE, 3865.013055, 1564.985718, 1, 11963
0.759450, 0.759500, SAFE, 4256.569508, 1738.498291, 3, 13503
0.759400, 0.759450, SAFE, 4292.845576, 1746.564453, 3, 13503
0.759950, 0.760000, SAFE, 3850.150887, 1571.289429, 1, 11963
0.759500, 0.759550, SAFE, 4326.221597, 1755.357910, 3, 13503
0.759600, 0.759650, SAFE, 4270.969891, 1724.931030, 3, 13503
0.759550, 0.759600, SAFE, 4304.253611, 1750.883545, 3, 13503
0.752900, 0.752950, SAFE, 28559.694664, 12042.590820, 20, 81467
0.757050, 0.757100, SAFE, 11178.222361, 4572.898926, 5, 33760
0.760000, 0.760050, SAFE, 3809.002478, 1531.485107, 1, 11963
0.758550, 0.758600, SAFE, 8116.109776, 3226.104980, 5, 25686
0.760050, 0.760100, SAFE, 3872.575588, 1544.741089, 1, 11963
0.757150, 0.757200, SAFE, 11570.887021, 4797.991211, 6, 33881
0.757100, 0.757150, SAFE, 11743.791348, 4902.636719, 5, 33760
0.760100, 0.760150, SAFE, 3890.597527, 1573.524048, 1, 11963
0.757950, 0.758000, SAFE, 9870.373813, 3865.731201, 5, 31663
0.758600, 0.758650, SAFE, 8208.540581, 3305.143555, 5, 25686
0.760200, 0.760250, SAFE, 3804.067685, 1534.200439, 1, 11963
0.759050, 0.759100, SAFE, 7319.528384, 2999.053467, 4, 22202
0.760150, 0.760200, SAFE, 3886.778384, 1567.369263, 1, 11963
0.757900, 0.757950, SAFE, 10005.431500, 3936.712402, 5, 31663
0.760250, 0.760300, SAFE, 3787.122452, 1523.529785, 1, 11963
0.757800, 0.757850, SAFE, 10221.261245, 4069.396240, 5, 31663
0.757850, 0.757900, SAFE, 10214.930413, 4097.153320, 5, 31663
0.759650, 0.759700, SAFE, 6583.502021, 2594.726807, 4, 20646
0.758650, 0.758700, SAFE, 8232.076008, 3291.539551, 5, 25686
0.759750, 0.759800, SAFE, 6686.742284, 2682.353760, 4, 20646
0.759700, 0.759750, SAFE, 6808.376051, 2745.088379, 4, 20646
0.758700, 0.758750, SAFE, 8315.109322, 3356.979736, 5, 25686
0.758750, 0.758800, SAFE, 8436.938600, 3386.116211, 6, 25807
0.760300, 0.760350, SAFE, 3826.209782, 1548.381958, 1, 11963
0.758800, 0.758850, SAFE, 8458.452791, 3397.508057, 6, 25807
0.760350, 0.760400, SAFE, 3825.181338, 1559.724487, 1, 11963
0.760450, 0.760500, SAFE, 3810.588152, 1539.956177, 1, 11963
0.760400, 0.760450, SAFE, 3848.250365, 1568.162231, 1, 11963
0.760600, 0.760650, SAFE, 3879.750759, 1565.246826, 2, 12081
0.758850, 0.758900, SAFE, 8749.263136, 3515.658447, 5, 26736
0.760650, 0.760700, SAFE, 3851.571015, 1536.931641, 2, 12081
0.760750, 0.760800, SAFE, 3819.559401, 1536.210083, 2, 12081
0.760700, 0.760750, SAFE, 3873.308946, 1588.487183, 2, 12081
0.760850, 0.760900, SAFE, 3902.523494, 1598.697632, 2, 12081
0.760800, 0.760850, SAFE, 3901.313195, 1600.101929, 2, 12081
0.760950, 0.761000, SAFE, 3812.582783, 1528.205444, 2, 12081
0.760900, 0.760950, SAFE, 3903.500105, 1586.175537, 2, 12081
0.761000, 0.761050, SAFE, 3849.802303, 1543.959595, 2, 12081
0.761100, 0.761150, SAFE, 3870.268326, 1554.059326, 2, 12081
0.761050, 0.761100, SAFE, 3912.831765, 1595.252075, 2, 12081
0.761150, 0.761200, SAFE, 3909.997103, 1592.764404, 2, 12081
0.761250, 0.761300, SAFE, 3854.864024, 1559.738159, 2, 12081
0.761200, 0.761250, SAFE, 3925.496312, 1608.741577, 2, 12081
0.761300, 0.761350, SAFE, 3840.223188, 1576.925903, 2, 12081
0.761350, 0.761400, SAFE, 3901.808399, 1589.348511, 2, 12081
0.761450, 0.761500, SAFE, 3861.971269, 1564.788086, 2, 12081
0.761400, 0.761450, SAFE, 3934.737851, 1566.704590, 2, 12081
0.757650, 0.757700, SAFE, 13066.310703, 5266.986816, 4, 39600
0.761500, 0.761550, SAFE, 5634.432377, 2341.398682, 3, 16879
0.761550, 0.761600, SAFE, 5789.144733, 2440.584229, 3, 16879
0.761600, 0.761650, SAFE, 5891.008982, 2470.408936, 3, 16879
0.758000, 0.758050, SAFE, 14050.572166, 5507.497070, 7, 44120
0.760550, 0.760600, SAFE, 6833.950621, 2700.567871, 3, 22337
0.760500, 0.760550, SAFE, 6990.959799, 2754.434082, 3, 22337
0.758950, 0.759000, SAFE, 12417.665365, 5087.863281, 8, 36978
0.757750, 0.757800, SAFE, 15113.176768, 6020.550781, 7, 47225
0.758900, 0.758950, SAFE, 12603.427234, 5060.665039, 9, 38143
0.761950, 0.762000, SAFE, 5706.476330, 2386.270508, 3, 16703
0.763050, 0.763100, SAFE, 4134.801263, 1719.151245, 2, 12339
0.763100, 0.763150, SAFE, 4140.142596, 1714.864990, 2, 12339
0.763150, 0.763200, SAFE, 4154.633643, 1724.614624, 2, 12339
0.763200, 0.763250, SAFE, 4193.739529, 1731.899292, 2, 12339
0.763250, 0.763300, SAFE, 4138.335898, 1690.752197, 2, 12339
0.763300, 0.763350, SAFE, 4125.743254, 1717.931519, 2, 12339
0.762050, 0.762100, SAFE, 5735.147528, 2430.140137, 3, 16703
0.759000, 0.759050, SAFE, 13040.822858, 5372.397949, 10, 38782
0.762150, 0.762200, SAFE, 5758.578871, 2435.085693, 3, 16703
0.762100, 0.762150, SAFE, 5802.578621, 2441.333984, 3, 16703
0.762200, 0.762250, SAFE, 6250.214811, 2665.705322, 4, 17871
0.762300, 0.762350, SAFE, 6199.313099, 2607.791992, 4, 17871
0.762250, 0.762300, SAFE, 6260.868046, 2645.134766, 4, 17871
0.762350, 0.762400, SAFE, 6250.004800, 2632.590820, 4, 17871
0.763000, 0.763050, SAFE, 5423.107128, 2170.570557, 3, 16703
0.762750, 0.762800, SAFE, 5713.729706, 2397.817627, 3, 16703
0.762450, 0.762500, SAFE, 6222.235341, 2608.819092, 4, 17871
0.762900, 0.762950, SAFE, 5602.963540, 2322.828857, 3, 16703
0.762800, 0.762850, SAFE, 5745.753326, 2393.278564, 3, 16703
0.762500, 0.762550, SAFE, 6230.444588, 2609.777832, 4, 17871
0.762400, 0.762450, SAFE, 6303.527958, 2632.459717, 4, 17871
0.762850, 0.762900, SAFE, 5685.374939, 2387.173096, 3, 16703
0.762950, 0.763000, SAFE, 5594.727280, 2346.132324, 3, 16703
0.762600, 0.762650, SAFE, 6210.266124, 2583.452148, 4, 17871
0.762550, 0.762600, SAFE, 6210.315110, 2601.604004, 4, 17871
0.762700, 0.762750, SAFE, 6100.931987, 2568.726318, 4, 17871
0.762650, 0.762700, SAFE, 6146.386847, 2632.721924, 4, 17871
0.763450, 0.763500, SAFE, 6278.176318, 2590.043945, 6, 19067
0.763400, 0.763450, SAFE, 6306.008081, 2561.834961, 6, 19067
0.763500, 0.763550, SAFE, 6295.410302, 2572.816162, 6, 19067
0.763600, 0.763650, SAFE, 6217.968314, 2566.927979, 6, 19067
0.763650, 0.763700, SAFE, 6257.435198, 2568.688965, 6, 19067
0.763700, 0.763750, SAFE, 6235.563811, 2521.980713, 6, 19067
0.761650, 0.761700, SAFE, 9615.541965, 4106.061035, 6, 26676
0.763550, 0.763600, SAFE, 6362.785874, 2609.169189, 6, 19067
0.763750, 0.763800, SAFE, 6286.880316, 2584.855957, 6, 19067
0.763800, 0.763850, SAFE, 6575.720497, 2688.191650, 7, 19966
0.763950, 0.764000, SAFE, 6472.421376, 2635.505615, 7, 19966
0.763850, 0.763900, SAFE, 6571.571793, 2713.920410, 7, 19966
0.763900, 0.763950, SAFE, 6581.441475, 2681.722900, 7, 19966
0.761700, 0.761750, SAFE, 9753.898556, 4183.034668, 6, 26676
0.761750, 0.761800, SAFE, 9845.025635, 4242.461426, 6, 26676
0.761850, 0.761900, SAFE, 9676.392448, 4145.745605, 6, 26676
0.761800, 0.761850, SAFE, 9798.149588, 4226.307617, 6, 26676
0.761900, 0.761950, SAFE, 9502.935166, 4097.981934, 6, 26676
0.763350, 0.763400, SAFE, 7841.555565, 3122.394531, 4, 24533
0.764800, 0.764850, SAFE, 3773.923177, 1517.551758, 1, 11963
0.764750, 0.764800, SAFE, 3831.875733, 1534.597290, 1, 11963
0.764000, 0.764050, SAFE, 6467.275601, 2639.103271, 7, 19966
0.764850, 0.764900, SAFE, 3803.036679, 1502.478638, 1, 11963
0.764900, 0.764950, SAFE, 3847.709060, 1543.731812, 1, 11963
0.765000, 0.765050, SAFE, 3806.924739, 1515.658447, 1, 11963
0.764950, 0.765000, SAFE, 3840.643112, 1542.354004, 1, 11963
0.765050, 0.765100, SAFE, 3795.146242, 1516.168945, 1, 11963
0.765150, 0.765200, SAFE, 3755.548859, 1504.995972, 1, 11963
0.765100, 0.765150, SAFE, 3847.791715, 1534.808716, 1, 11963
0.762000, 0.762050, SAFE, 10579.879513, 4344.700684, 9, 31717
0.764050, 0.764100, SAFE, 6517.581066, 2646.908691, 7, 19966
0.764100, 0.764150, SAFE, 6524.906089, 2654.665527, 7, 19966
0.765450, 0.765500, SAFE, 4268.974293, 1796.299927, 2, 12602
0.765400, 0.765450, SAFE, 4272.964005, 1780.910156, 2, 12602
0.765500, 0.765550, SAFE, 4293.979746, 1825.015625, 2, 12602
0.764150, 0.764200, SAFE, 7216.931005, 2879.003418, 9, 23577
0.764500, 0.764550, SAFE, 7007.979476, 2890.567871, 3, 21306
0.764700, 0.764750, SAFE, 6709.946918, 2706.541260, 2, 20665
0.764550, 0.764600, SAFE, 6987.675556, 2827.238770, 3, 21306
0.764600, 0.764650, SAFE, 7004.354835, 2848.198975, 3, 21306
0.765350, 0.765400, SAFE, 5861.458712, 2386.894287, 3, 17661
0.764650, 0.764700, SAFE, 7097.880519, 2894.266357, 3, 21306
0.765300, 0.765350, SAFE, 6239.287987, 2594.730469, 3, 17661
0.765250, 0.765300, SAFE, 6282.644461, 2661.751465, 3, 17661
0.765600, 0.765650, SAFE, 6488.245593, 2798.751221, 2, 17022
0.765550, 0.765600, SAFE, 6503.417230, 2827.119385, 2, 17022
0.765650, 0.765700, SAFE, 6436.607069, 2779.103516, 2, 17022
0.765700, 0.765750, SAFE, 6476.565333, 2802.465576, 2, 17022
0.765750, 0.765800, SAFE, 6531.438025, 2827.168457, 2, 17022
0.765200, 0.765250, SAFE, 8578.861442, 3407.266357, 3, 28055
0.765800, 0.765850, SAFE, 8449.069183, 3611.810059, 4, 22197
0.765850, 0.765900, SAFE, 8442.370281, 3637.728516, 4, 22197
0.767400, 0.767450, SAFE, 5508.866977, 2294.644775, 2, 16321
0.765900, 0.765950, SAFE, 8290.744226, 3596.297119, 3, 21558
0.767450, 0.767500, SAFE, 5670.813600, 2385.915283, 3, 16703
0.765950, 0.766000, SAFE, 8305.560191, 3581.263184, 3, 21558
0.766050, 0.766100, SAFE, 8519.406659, 3704.803467, 4, 22197
0.766000, 0.766050, SAFE, 8609.594531, 3765.714355, 4, 22197
0.766100, 0.766150, SAFE, 8539.100489, 3705.407715, 4, 22197
0.767550, 0.767600, SAFE, 5666.552753, 2375.323975, 2, 16321
0.767600, 0.767650, SAFE, 5677.379192, 2398.345215, 2, 16321
0.767500, 0.767550, SAFE, 5801.728612, 2439.552002, 3, 16703
0.767650, 0.767700, SAFE, 5728.630312, 2433.820312, 2, 16321
0.768300, 0.768350, SAFE, 3888.072928, 1548.996338, 2, 12339
0.764250, 0.764300, SAFE, 13083.627305, 5340.988770, 11, 39937
0.757700, 0.757750, SAFE, 27309.213880, 11245.833008, 29, 80802
0.767150, 0.767200, SAFE, 7663.419400, 3173.865479, 5, 22660
0.767250, 0.767300, SAFE, 7380.590239, 3098.109375, 5, 21878
0.767200, 0.767250, SAFE, 7718.060903, 3187.103271, 5, 22660
0.766150, 0.766200, SAFE, 10101.651637, 4316.467285, 5, 26731
0.766250, 0.766300, SAFE, 10140.262071, 4394.497559, 5, 26731
0.766200, 0.766250, SAFE, 10181.562673, 4361.610840, 5, 26731
0.766300, 0.766350, SAFE, 10209.791203, 4426.297852, 5, 26731
0.768250, 0.768300, SAFE, 5032.249342, 1980.900391, 3, 16703
0.766450, 0.766500, SAFE, 10003.950386, 4350.536621, 4, 26092
0.766550, 0.766600, SAFE, 10073.305434, 4399.902344, 4, 26092
0.766500, 0.766550, SAFE, 10125.098467, 4429.546387, 4, 26092
0.764400, 0.764450, SAFE, 13491.432482, 5430.162598, 11, 40201
0.766400, 0.766450, SAFE, 10353.260300, 4521.411621, 5, 26731
0.767850, 0.767900, SAFE, 6323.147800, 2641.969727, 4, 19161
0.767900, 0.767950, SAFE, 6388.038572, 2654.819092, 4, 19161
0.768200, 0.768250, SAFE, 5689.663385, 2289.426270, 4, 17871
0.767950, 0.768000, SAFE, 6309.555433, 2612.483887, 4, 19161
0.768350, 0.768400, SAFE, 3853.233437, 1559.418579, 2, 12339
0.766350, 0.766400, SAFE, 10637.931170, 4628.410156, 6, 27370
0.767750, 0.767800, SAFE, 6858.126200, 2806.674561, 6, 21217
0.768000, 0.768050, SAFE, 6294.164885, 2569.219971, 4, 19161
0.768450, 0.768500, SAFE, 3849.388315, 1545.335449, 2, 12339
0.768050, 0.768100, SAFE, 6326.465696, 2564.583252, 4, 19161
0.768400, 0.768450, SAFE, 3938.028932, 1558.991821, 2, 12339
0.767800, 0.767850, SAFE, 6811.903759, 2802.201416, 5, 20329
0.768100, 0.768150, SAFE, 6219.054843, 2563.521484, 4, 19161
0.768500, 0.768550, SAFE, 3863.956332, 1541.688721, 2, 12339
0.768150, 0.768200, SAFE, 6561.674268, 2701.695557, 5, 20329
0.764450, 0.764500, SAFE, 14709.910837, 6135.611328, 14, 41840
0.768550, 0.768600, SAFE, 3870.381717, 1557.949341, 2, 12339
0.767100, 0.767150, SAFE, 10574.358532, 4286.201660, 6, 32915
0.767300, 0.767350, SAFE, 10219.388538, 4210.200684, 8, 30802
0.764350, 0.764400, SAFE, 15661.000927, 6276.309082, 13, 48498
0.768800, 0.768850, SAFE, 4614.503835, 1864.803589, 3, 14641
0.766600, 0.766650, SAFE, 12591.453169, 5442.097168, 11, 33360
0.768850, 0.768900, SAFE, 4669.470740, 1891.603027, 3, 14641
0.768900, 0.768950, SAFE, 4811.554493, 1889.286133, 3, 14641
0.768950, 0.769000, SAFE, 4762.966912, 1912.227173, 3, 14641
0.766650, 0.766700, SAFE, 12823.487166, 5572.536621, 11, 33360
0.766700, 0.766750, SAFE, 12836.828164, 5668.578613, 11, 33360
0.769000, 0.769050, SAFE, 4738.856557, 1932.074341, 3, 14641
0.769050, 0.769100, SAFE, 4751.249756, 1913.198853, 3, 14641
0.766750, 0.766800, SAFE, 13080.792433, 5735.036133, 11, 33360
0.769150, 0.769200, SAFE, 4778.664466, 2025.149292, 2, 14150
0.769200, 0.769250, SAFE, 4790.148672, 1998.261963, 2, 14150
0.769250, 0.769300, SAFE, 4760.887197, 2005.944702, 2, 14150
0.768650, 0.768700, SAFE, 6283.305747, 2597.575439, 3, 18779
0.766850, 0.766900, SAFE, 13128.837096, 5759.501465, 11, 33360
0.766800, 0.766850, SAFE, 13251.546500, 5788.016113, 11, 33360
0.768700, 0.768750, SAFE, 6258.874933, 2609.013184, 3, 18779
0.769300, 0.769350, SAFE, 4805.641688, 2037.188599, 2, 14150
0.769400, 0.769450, SAFE, 4800.459385, 2011.053955, 2, 14150
0.769350, 0.769400, SAFE, 4867.111215, 2004.874268, 2, 14150
0.769450, 0.769500, SAFE, 4791.058747, 2024.384521, 2, 14150
0.769500, 0.769550, SAFE, 4817.123246, 2033.207031, 2, 14150
0.769550, 0.769600, SAFE, 4864.163263, 2022.156982, 2, 14150
0.769600, 0.769650, SAFE, 4798.268375, 2013.870239, 2, 14150
0.769650, 0.769700, SAFE, 4767.292135, 1992.100464, 2, 14150
0.769750, 0.769800, SAFE, 4759.173470, 1984.657837, 2, 14150
0.769700, 0.769750, SAFE, 4809.154261, 2038.733521, 2, 14150
0.769800, 0.769850, SAFE, 4728.340426, 1960.867920, 2, 14150
0.769850, 0.769900, SAFE, 4767.356880, 2018.238037, 2, 14150
0.770000, 0.770050, SAFE, 4747.244858, 1964.764893, 2, 14150
0.769900, 0.769950, SAFE, 4775.474742, 1991.067749, 2, 14150
0.769950, 0.770000, SAFE, 4775.054345, 1977.015259, 2, 14150
0.770600, 0.770650, SAFE, 3774.845342, 1519.632202, 1, 11957
0.768750, 0.768800, SAFE, 7272.954296, 2840.963135, 3, 24681
0.770350, 0.770400, SAFE, 4541.286283, 1841.869873, 2, 14150
0.770650, 0.770700, SAFE, 3807.892705, 1558.143433, 1, 11957
0.770250, 0.770300, SAFE, 4627.317823, 1919.462891, 2, 14150
0.770300, 0.770350, SAFE, 4607.828943, 1884.392944, 2, 14150
0.770100, 0.770150, SAFE, 4999.921177, 2082.950195, 3, 15052
0.770700, 0.770750, SAFE, 3746.015616, 1509.795532, 1, 11957
0.767700, 0.767750, SAFE, 11877.336520, 4719.589355, 7, 37793
0.770200, 0.770250, SAFE, 5039.831560, 2128.202148, 3, 15052
0.770150, 0.770200, SAFE, 5092.436151, 2107.328613, 3, 15052
0.770750, 0.770800, SAFE, 3783.987838, 1522.895386, 1, 11957
0.770800, 0.770850, SAFE, 3784.180807, 1519.641357, 1, 11957
0.770050, 0.770100, SAFE, 5542.481663, 2299.218018, 5, 16829
0.768600, 0.768650, SAFE, 9838.941647, 3924.122559, 5, 31233
0.770450, 0.770500, SAFE, 6912.038358, 2862.299072, 2, 20656
0.770550, 0.770600, SAFE, 6675.122422, 2736.427490, 2, 20656
0.770500, 0.770550, SAFE, 6968.070926, 2884.117188, 2, 20656
0.770400, 0.770450, SAFE, 7491.420308, 3104.364746, 3, 22846
0.770850, 0.770900, SAFE, 6085.739304, 2432.861572, 2, 19100
0.771150, 0.771200, SAFE, 5656.766079, 2415.110352, 2, 16321
0.771200, 0.771250, SAFE, 5650.751464, 2382.587402, 2, 16321
0.770900, 0.770950, SAFE, 6446.250726, 2660.740479, 3, 19482
0.771250, 0.771300, SAFE, 5695.161663, 2440.610107, 2, 16321
0.771350, 0.771400, SAFE, 5623.889271, 2351.724854, 2, 16321
0.771300, 0.771350, SAFE, 5709.652073, 2444.560547, 2, 16321
0.771100, 0.771150, SAFE, 6305.058453, 2626.693604, 3, 18779
0.771050, 0.771100, SAFE, 6429.813143, 2726.037598, 3, 18779
0.771400, 0.771450, SAFE, 5728.326724, 2437.868408, 2, 16321
0.770950, 0.771000, SAFE, 6673.973999, 2721.792480, 3, 20264
0.771450, 0.771500, SAFE, 5597.787567, 2321.918945, 2, 16321
0.771500, 0.771550, SAFE, 5724.070805, 2413.110840, 2, 16321
0.771550, 0.771600, SAFE, 5694.395279, 2399.301514, 2, 16321
0.772900, 0.772950, SAFE, 4116.407854, 1720.338501, 1, 11963
0.766900, 0.766950, SAFE, 19270.640584, 8318.467773, 15, 50480
0.771600, 0.771650, SAFE, 6150.483289, 2620.379150, 3, 17489
0.771700, 0.771750, SAFE, 6052.387454, 2560.387207, 3, 17489
0.771650, 0.771700, SAFE, 6068.600561, 2553.739258, 3, 17489
0.772600, 0.772650, SAFE, 5089.404231, 2111.531494, 5, 15527
0.772650, 0.772700, SAFE, 5195.572561, 2114.728760, 5, 15527
0.772700, 0.772750, SAFE, 5136.171551, 2103.386963, 5, 15527
0.772500, 0.772550, SAFE, 5275.864650, 2187.381592, 5, 15527
0.772550, 0.772600, SAFE, 5265.046805, 2198.091309, 5, 15527
0.773100, 0.773150, SAFE, 4804.011486, 1976.184570, 2, 14422
0.767000, 0.767050, SAFE, 19778.558753, 8362.184570, 15, 53584
0.766950, 0.767000, SAFE, 19949.539989, 8416.375977, 16, 54752
0.772150, 0.772200, SAFE, 6438.971671, 2704.698486, 3, 18779
0.772200, 0.772250, SAFE, 6396.341187, 2653.379150, 3, 18779
0.772250, 0.772300, SAFE, 6369.834800, 2648.371826, 3, 18779
0.772300, 0.772350, SAFE, 6357.640969, 2684.229980, 3, 18779
0.771750, 0.771800, SAFE, 7341.817579, 3134.057373, 5, 20835
0.771850, 0.771900, SAFE, 7300.045323, 3099.407227, 5, 20835
0.771950, 0.772000, SAFE, 7197.555226, 3042.164062, 5, 20835
0.771800, 0.771850, SAFE, 7396.585019, 3102.305176, 5, 20835
0.771900, 0.771950, SAFE, 7309.508833, 3086.345703, 5, 20835
0.772000, 0.772050, SAFE, 7200.178180, 3012.434326, 5, 20835
0.771000, 0.771050, SAFE, 9087.157103, 3684.475098, 4, 27219
0.772050, 0.772100, SAFE, 7202.463816, 3060.763428, 5, 20835
0.772100, 0.772150, SAFE, 7170.833025, 3047.569580, 5, 20835
0.773150, 0.773200, SAFE, 4836.293016, 2011.796875, 2, 14422
0.772400, 0.772450, SAFE, 7604.867565, 3175.900879, 3, 22076
0.772850, 0.772900, SAFE, 7718.569687, 3240.847168, 3, 21556
0.767050, 0.767100, SAFE, 23271.232032, 9899.059570, 17, 63694
0.772350, 0.772400, SAFE, 9887.488927, 4145.462402, 5, 28898
0.775400, 0.775450, SAFE, 4025.963940, 1678.687988, 1, 11963
0.775450, 0.775500, SAFE, 4022.799557, 1635.236572, 2, 12604
0.775300, 0.775350, SAFE, 5175.323399, 2162.103271, 3, 15306
0.775500, 0.775550, SAFE, 4044.650328, 1689.351562, 2, 12604
0.772750, 0.772800, SAFE, 12398.498644, 5086.845703, 8, 36952
0.773050, 0.773100, SAFE, 12982.507693, 5519.018555, 6, 35437
0.775200, 0.775250, SAFE, 7793.087934, 3385.851562, 4, 21171
0.772450, 0.772500, SAFE, 16580.596371, 6726.792969, 13, 52075
0.773350, 0.773400, SAFE, 14138.497390, 6299.110840, 11, 34937
0.764200, 0.764250, SAFE, 36717.997962, 15555.667969, 36, 105842
0.775150, 0.775200, SAFE, 10656.983231, 4489.894043, 6, 30598
0.775050, 0.775100, SAFE, 10837.554604, 4575.874512, 6, 30598
0.773400, 0.773450, SAFE, 14028.838981, 6306.956543, 11, 34937
0.773450, 0.773500, SAFE, 14025.035394, 6173.219238, 11, 34937
0.774700, 0.774750, SAFE, 12134.831439, 5231.662109, 7, 31924
0.772950, 0.773000, SAFE, 17376.063176, 7472.799316, 9, 47461
0.774600, 0.774650, SAFE, 12583.310246, 5353.430176, 8, 34374
0.775000, 0.775050, SAFE, 11539.642148, 4947.551758, 7, 31924
0.772800, 0.772850, SAFE, 18018.253737, 7419.356934, 10, 53307
0.774950, 0.775000, SAFE, 11748.497787, 5052.096191, 7, 31924
0.774750, 0.774800, SAFE, 12336.068994, 5346.686035, 8, 33088
0.773300, 0.773350, SAFE, 15589.092722, 6794.056641, 18, 42205
0.775550, 0.775600, SAFE, 9406.583000, 3879.567871, 6, 28659
0.774650, 0.774700, SAFE, 13005.989465, 5603.208008, 10, 35912
0.774550, 0.774600, SAFE, 13559.841408, 5795.104004, 8, 37233
0.774500, 0.774550, SAFE, 13761.723973, 5860.312988, 8, 37233
0.773250, 0.773300, SAFE, 16450.018134, 7254.137207, 18, 42205
0.773500, 0.773550, SAFE, 15476.852535, 6729.291016, 14, 41509
0.773200, 0.773250, SAFE, 16619.992240, 7148.812012, 9, 44868
0.773550, 0.773600, SAFE, 15677.341284, 6861.535645, 14, 41509
0.773600, 0.773650, SAFE, 15741.880178, 6897.357422, 13, 40881
0.774450, 0.774500, SAFE, 14617.068341, 6211.105957, 10, 40326
0.774900, 0.774950, SAFE, 13872.361444, 5991.709961, 9, 37605
0.774850, 0.774900, SAFE, 14112.801904, 6157.859863, 9, 37605
0.773750, 0.773800, SAFE, 16160.017951, 7173.753418, 13, 40881
0.773800, 0.773850, SAFE, 16219.184096, 7178.538574, 13, 40881
0.774800, 0.774850, SAFE, 14279.537887, 6204.025879, 9, 37605
0.773850, 0.773900, SAFE, 16292.796955, 7202.334961, 13, 40881
0.754550, 0.754600, SAFE, 65378.604673, 29659.654297, 50, 164011
0.773900, 0.773950, SAFE, 17138.055595, 7422.931641, 15, 45542
0.773650, 0.773700, SAFE, 17462.068757, 7716.126465, 16, 44345
0.773700, 0.773750, SAFE, 17598.896590, 7839.915527, 16, 44345
0.775350, 0.775400, SAFE, 14882.564918, 6311.857422, 14, 43632
0.776500, 0.776550, SAFE, 4337.719216, 1797.052490, 2, 13135
0.773950, 0.774000, SAFE, 18322.608200, 7987.636719, 16, 47469
0.776550, 0.776600, SAFE, 4330.876992, 1767.321655, 2, 13135
0.776600, 0.776650, SAFE, 4355.845600, 1784.320679, 2, 13135
0.776750, 0.776800, SAFE, 4244.944004, 1739.669922, 2, 13135
0.776650, 0.776700, SAFE, 4314.504254, 1748.628296, 2, 13135
0.776700, 0.776750, SAFE, 4313.360947, 1749.759888, 2, 13135
0.776800, 0.776850, SAFE, 4311.539497, 1762.755615, 2, 13135
0.774000, 0.774050, SAFE, 18527.225582, 8113.484375, 16, 47469
0.775100, 0.775150, SAFE, 16372.617303, 7006.675293, 9, 45503
0.774200, 0.774250, SAFE, 18466.003346, 8214.344727, 15, 46595
0.774250, 0.774300, SAFE, 18883.294655, 8348.265625, 16, 47239
0.774150, 0.774200, SAFE, 19019.705358, 8442.983398, 17, 47851
0.774350, 0.774400, SAFE, 18848.498192, 8315.308594, 15, 47649
0.774300, 0.774350, SAFE, 19481.123870, 8577.852539, 21, 49918
0.774100, 0.774150, SAFE, 20491.885275, 9112.846680, 21, 52449
0.774050, 0.774100, SAFE, 20750.554070, 9188.443359, 21, 52449
0.774400, 0.774450, SAFE, 22939.955635, 9718.727539, 20, 64603
0.767350, 0.767400, SAFE, 42096.462959, 18338.066406, 75, 115160
0.775250, 0.775300, SAFE, 23039.543112, 9843.309570, 14, 64979
0.777150, 0.777200, SAFE, 11755.864726, 4926.581543, 7, 33459
0.776900, 0.776950, SAFE, 15379.785005, 6510.187500, 10, 43425
0.777100, 0.777150, SAFE, 14765.637760, 6085.268555, 9, 42527
0.777200, 0.777250, SAFE, 14819.225971, 6217.393555, 12, 42370
0.776950, 0.777000, SAFE, 15597.429320, 6592.397949, 10, 43425
0.777250, 0.777300, SAFE, 14895.253754, 6184.083984, 12, 42370
0.778550, 0.778600, SAFE, 10005.274011, 4181.063477, 3, 28838
0.778600, 0.778650, SAFE, 10036.729870, 4163.420410, 3, 28838
0.778650, 0.778700, SAFE, 7365.476933, 3095.552734, 2, 21437
0.778700, 0.778750, SAFE, 7447.096967, 3146.775391, 2, 21437
0.777300, 0.777350, SAFE, 16286.671285, 6816.527832, 14, 46220
0.778750, 0.778800, SAFE, 7463.346621, 3142.487549, 2, 21437
0.777400, 0.777450, SAFE, 16920.422015, 7092.855469, 15, 47473
0.777000, 0.777050, SAFE, 18442.103916, 7838.696289, 15, 51920
0.777450, 0.777500, SAFE, 18265.803398, 7695.998535, 18, 51701
0.777350, 0.777400, SAFE, 18432.986979, 7771.543457, 18, 52576
0.775600, 0.775650, SAFE, 29609.325041, 12766.639648, 25, 80830
0.777500, 0.777550, SAFE, 19163.840770, 8213.546875, 19, 53466
0.779200, 0.779250, SAFE, 4119.994966, 1700.602783, 1, 11960
0.778800, 0.778850, SAFE, 8508.946523, 3542.717529, 3, 25526
0.778500, 0.778550, SAFE, 15535.575673, 6682.026855, 9, 42877
0.779250, 0.779300, SAFE, 4094.193652, 1726.328003, 1, 11960
0.777600, 0.777650, SAFE, 19053.604986, 8108.343750, 18, 52576
0.777550, 0.777600, SAFE, 19215.152463, 8190.646973, 19, 53466
0.777650, 0.777700, SAFE, 19009.982656, 8206.230469, 18, 52576
0.779300, 0.779350, SAFE, 4052.643759, 1685.949951, 1, 11960
0.777050, 0.777100, SAFE, 21827.757534, 9326.773438, 20, 61429
0.779350, 0.779400, SAFE, 4080.819400, 1702.436401, 1, 11960
0.779400, 0.779450, SAFE, 4056.622996, 1686.889404, 1, 11960
0.779450, 0.779500, SAFE, 4064.313200, 1712.692993, 1, 11960
0.776400, 0.776450, SAFE, 24537.045537, 10770.182617, 26, 63045
0.775650, 0.775700, SAFE, 31617.483357, 13661.235352, 34, 88620
0.779500, 0.779550, SAFE, 4014.376968, 1660.765869, 1, 11960
0.775950, 0.776000, SAFE, 28386.289825, 12360.870117, 31, 77339
0.779550, 0.779600, SAFE, 4126.210814, 1693.169067, 1, 11960
0.778850, 0.778900, SAFE, 8738.411547, 3640.307373, 3, 25526
0.778900, 0.778950, SAFE, 8794.867102, 3675.246826, 3, 25526
0.779600, 0.779650, SAFE, 4020.650961, 1684.261353, 1, 11960
0.778950, 0.779000, SAFE, 8868.416734, 3757.275635, 3, 25526
0.779000, 0.779050, SAFE, 8981.788598, 3753.153564, 3, 25526
0.778450, 0.778500, SAFE, 19886.808812, 8407.144531, 14, 55675
0.779150, 0.779200, SAFE, 8611.054379, 3589.490723, 3, 25526
0.779050, 0.779100, SAFE, 8978.862985, 3797.480957, 3, 25526
0.779100, 0.779150, SAFE, 8948.079130, 3790.075439, 3, 25526
0.776050, 0.776100, SAFE, 27625.135505, 12111.592773, 31, 75000
0.776000, 0.776050, SAFE, 28327.664486, 12442.359375, 31, 77339
0.775850, 0.775900, SAFE, 32266.366812, 14166.877930, 40, 87778
0.776850, 0.776900, SAFE, 26207.074531, 11460.333984, 19, 69070
0.778400, 0.778450, SAFE, 21465.589415, 9034.806641, 17, 60421
0.775900, 0.775950, SAFE, 32352.227817, 14164.741211, 40, 87778
0.776450, 0.776500, SAFE, 29775.719883, 13301.192383, 33, 76358
0.775800, 0.775850, SAFE, 35850.329751, 15587.429688, 41, 100822
0.778300, 0.778350, SAFE, 24570.876033, 10491.021484, 18, 69383
0.775700, 0.775750, SAFE, 36674.809651, 15952.123047, 45, 105985
0.776200, 0.776250, SAFE, 31921.730436, 13853.117188, 35, 86988
0.776100, 0.776150, SAFE, 32283.905672, 13992.903320, 36, 87623
0.776150, 0.776200, SAFE, 32168.726234, 13971.708008, 34, 86867
0.775750, 0.775800, SAFE, 37661.854352, 16482.832031, 45, 105985
0.778250, 0.778300, SAFE, 28681.959194, 12408.132812, 24, 78666
0.778150, 0.778200, SAFE, 28824.326992, 12515.999023, 24, 78152
0.777900, 0.777950, SAFE, 29221.048805, 12700.857422, 25, 79405
0.778100, 0.778150, SAFE, 29058.088915, 12566.580078, 25, 79040
0.777950, 0.778000, SAFE, 29272.755454, 12692.781250, 25, 79405
0.778000, 0.778050, SAFE, 29238.044259, 12721.505859, 25, 79405
0.777750, 0.777800, SAFE, 30374.097992, 13196.739258, 26, 83156
0.778050, 0.778100, SAFE, 29260.198205, 12717.010742, 26, 80292
0.778200, 0.778250, SAFE, 29178.001628, 12587.853516, 25, 79042
0.777850, 0.777900, SAFE, 29624.358569, 12879.186523, 26, 80295
0.777800, 0.777850, SAFE, 30638.677735, 13278.960938, 27, 84046
0.776250, 0.776300, SAFE, 35549.789578, 15224.587891, 38, 99041
0.776300, 0.776350, SAFE, 35808.724129, 15423.975586, 37, 99436
0.764300, 0.764350, SAFE, 72734.222657, 32784.304688, 74, 187198
0.780250, 0.780300, SAFE, 11933.564945, 4971.569824, 4, 34410
0.779900, 0.779950, SAFE, 13230.334069, 5486.074707, 5, 38430
0.780000, 0.780050, SAFE, 13310.384144, 5515.959961, 5, 38430
0.780050, 0.780100, SAFE, 13211.917632, 5467.011230, 5, 38430
0.779950, 0.780000, SAFE, 13683.185560, 5695.730957, 6, 39588
0.780100, 0.780150, SAFE, 13289.929473, 5550.436035, 5, 38430
0.777700, 0.777750, SAFE, 32822.343178, 14231.212891, 27, 89249
0.780200, 0.780250, SAFE, 13198.646848, 5444.784668, 5, 38430
0.780150, 0.780200, SAFE, 13290.770779, 5589.136230, 5, 38430
0.780400, 0.780450, SAFE, 12089.768359, 5029.019531, 4, 34410
0.778350, 0.778400, SAFE, 30951.754472, 13227.613281, 23, 86096
0.780450, 0.780500, SAFE, 12118.943967, 5076.068359, 4, 34410
0.780500, 0.780550, SAFE, 12323.987725, 5117.186035, 5, 35052
0.780550, 0.780600, SAFE, 12132.711773, 5053.348633, 4, 34410
0.780650, 0.780700, SAFE, 11864.533079, 5018.822754, 4, 34410
0.780600, 0.780650, SAFE, 12194.481888, 5111.283691, 4, 34410
0.780700, 0.780750, SAFE, 12062.634396, 5026.008301, 4, 34410
0.780950, 0.781000, SAFE, 11769.756016, 4934.737305, 8, 34379
0.780750, 0.780800, SAFE, 12103.306177, 5102.890625, 4, 34410
0.779850, 0.779900, SAFE, 16405.835448, 6829.015137, 9, 48240
0.780800, 0.780850, SAFE, 12763.298431, 5329.039551, 6, 37766
0.781000, 0.781050, SAFE, 11965.215484, 4977.921387, 8, 34379
0.779750, 0.779800, SAFE, 17370.669382, 7264.970703, 9, 50341
0.779800, 0.779850, SAFE, 17245.000098, 7195.373047, 8, 49183
0.782350, 0.782400, SAFE, 3902.916837, 1591.577759, 1, 11963
0.782400, 0.782450, SAFE, 3930.451876, 1602.448242, 1, 11963
0.782450, 0.782500, SAFE, 3889.676467, 1583.902466, 1, 11963
0.782500, 0.782550, SAFE, 3927.120063, 1619.143677, 1, 11963
0.782550, 0.782600, SAFE, 3917.597875, 1596.894409, 1, 11963
0.782600, 0.782650, SAFE, 3930.389396, 1592.234253, 1, 11963
0.773000, 0.773050, SAFE, 57649.504934, 25936.203125, 53, 152478
0.782850, 0.782900, SAFE, 4521.664159, 1842.968018, 2, 14414
0.782900, 0.782950, SAFE, 4614.084976, 1857.771484, 2, 14414
0.782950, 0.783000, SAFE, 4542.469396, 1835.206787, 2, 14414
0.781100, 0.781150, SAFE, 15433.600812, 6530.757324, 12, 42628
0.781050, 0.781100, SAFE, 15480.415738, 6586.771484, 12, 42628
0.781150, 0.781200, SAFE, 15443.087753, 6545.639648, 12, 42628
0.782650, 0.782700, SAFE, 6455.857194, 2637.604004, 3, 19475
0.781200, 0.781250, SAFE, 15391.468589, 6569.083496, 12, 42628
0.782800, 0.782850, SAFE, 6401.613325, 2575.546387, 3, 19475
0.779700, 0.779750, SAFE, 21471.793854, 9046.008789, 10, 60596
0.781250, 0.781300, SAFE, 15372.918031, 6462.912598, 12, 42628
0.782700, 0.782750, SAFE, 7186.271194, 2998.757080, 5, 21527
0.782750, 0.782800, SAFE, 7202.247179, 2932.645752, 5, 21527
0.783250, 0.783300, SAFE, 6967.964786, 2860.069092, 2, 20663
0.783300, 0.783350, SAFE, 7000.119192, 2905.685791, 2, 20663
0.783050, 0.783100, SAFE, 7629.255897, 3100.255127, 3, 23114
0.783000, 0.783050, SAFE, 7705.501225, 3152.762451, 3, 23114
0.781350, 0.781400, SAFE, 15322.954548, 6520.590332, 12, 42628
0.781400, 0.781450, SAFE, 15304.729765, 6494.329590, 12, 42628
0.781300, 0.781350, SAFE, 15398.041746, 6521.492188, 12, 42628
0.781450, 0.781500, SAFE, 15234.892016, 6486.123535, 11, 42508
0.783350, 0.783400, SAFE, 7019.166981, 2912.812500, 2, 20663
0.783400, 0.783450, SAFE, 7042.621929, 2901.145996, 2, 20663
0.783450, 0.783500, SAFE, 7002.081375, 2876.979248, 2, 20663
0.781550, 0.781600, SAFE, 14528.470182, 6161.007812, 9, 39925
0.781600, 0.781650, SAFE, 14552.089883, 6202.477539, 9, 39925
0.781650, 0.781700, SAFE, 14533.310164, 6200.801758, 8, 39805
0.783500, 0.783550, SAFE, 6903.086608, 2846.649170, 2, 20663
0.783550, 0.783600, SAFE, 7010.439152, 2906.697021, 2, 20663
0.783600, 0.783650, SAFE, 7055.594212, 2902.610107, 2, 20663
0.783700, 0.783750, SAFE, 6954.047132, 2868.303223, 2, 20663
0.783650, 0.783700, SAFE, 7110.149779, 2931.202148, 2, 20663
0.781500, 0.781550, SAFE, 15297.780604, 6515.321777, 11, 42508
0.783750, 0.783800, SAFE, 6992.628790, 2861.407715, 2, 20663
0.783800, 0.783850, SAFE, 7055.799029, 2933.862549, 2, 20663
0.783850, 0.783900, SAFE, 6977.396082, 2902.315918, 2, 20663
0.782200, 0.782250, SAFE, 12332.305550, 5298.435547, 7, 33969
0.782250, 0.782300, SAFE, 12448.795142, 5302.734375, 7, 33969
0.784550, 0.784600, SAFE, 3888.537503, 1567.898560, 1, 11963
0.783100, 0.783150, SAFE, 10485.829952, 4314.176758, 4, 31036
0.783150, 0.783200, SAFE, 10445.939857, 4302.805664, 4, 31036
0.783200, 0.783250, SAFE, 10253.887352, 4151.713867, 5, 31159
0.781750, 0.781800, SAFE, 14360.843883, 6052.714844, 8, 39805
0.781700, 0.781750, SAFE, 14437.148886, 6125.952148, 8, 39805
0.781800, 0.781850, SAFE, 14461.348125, 6136.556641, 8, 39805
0.781850, 0.781900, SAFE, 14482.648425, 6178.712891, 8, 39805
0.781900, 0.781950, SAFE, 14440.312322, 6086.763672, 8, 39805
0.782000, 0.782050, SAFE, 14425.442929, 6137.948730, 8, 39805
0.782050, 0.782100, SAFE, 14427.703580, 6111.917480, 8, 39805
0.782100, 0.782150, SAFE, 14406.274906, 6086.041016, 8, 39805
0.781950, 0.782000, SAFE, 14579.051170, 6226.644531, 8, 39805
0.784600, 0.784650, SAFE, 3883.247276, 1587.444580, 1, 11963
0.784650, 0.784700, SAFE, 3857.092922, 1551.478760, 1, 11963
0.784700, 0.784750, SAFE, 3863.341615, 1573.201538, 1, 11963
0.784750, 0.784800, SAFE, 3864.207502, 1549.272949, 1, 11963
0.784800, 0.784850, SAFE, 3919.928206, 1588.943115, 1, 11963
0.784850, 0.784900, SAFE, 3901.920990, 1577.659180, 1, 11963
0.784900, 0.784950, SAFE, 3883.119698, 1565.626831, 1, 11963
0.784950, 0.785000, SAFE, 3861.535592, 1557.522461, 1, 11963
0.785000, 0.785050, SAFE, 3906.642484, 1599.200928, 1, 11963
0.783900, 0.783950, SAFE, 9428.971006, 3872.012695, 3, 28318
0.785050, 0.785100, SAFE, 3923.976161, 1593.169922, 1, 11963
0.785100, 0.785150, SAFE, 3941.793499, 1600.405762, 1, 11963
0.785150, 0.785200, SAFE, 3898.088756, 1597.463379, 1, 11963
0.782150, 0.782200, SAFE, 16270.897299, 6939.741699, 10, 44469
0.780350, 0.780400, SAFE, 25888.854220, 10663.083984, 14, 75599
0.785400, 0.785450, SAFE, 4047.845994, 1677.476929, 1, 11963
0.785450, 0.785500, SAFE, 4008.235654, 1657.576660, 1, 11963
0.785500, 0.785550, SAFE, 4010.583243, 1673.982300, 1, 11963
0.785550, 0.785600, SAFE, 4006.537211, 1653.609863, 1, 11963
0.783950, 0.784000, SAFE, 9801.914392, 4085.928223, 3, 28318
0.784050, 0.784100, SAFE, 9752.403476, 4028.764160, 3, 28318
0.784000, 0.784050, SAFE, 9774.471341, 4070.543945, 3, 28318
0.784100, 0.784150, SAFE, 9705.559811, 4037.160156, 3, 28318
0.785600, 0.785650, SAFE, 5434.600463, 2240.038574, 2, 16052
0.784150, 0.784200, SAFE, 9792.181237, 4058.401855, 3, 28318
0.784200, 0.784250, SAFE, 9660.681038, 3959.753418, 3, 28318
0.785650, 0.785700, SAFE, 5480.859807, 2281.341553, 2, 16052
0.784250, 0.784300, SAFE, 9670.279982, 4015.770508, 3, 28318
0.785200, 0.785250, SAFE, 6394.683428, 2596.009521, 2, 19364
0.786350, 0.786400, SAFE, 3971.585305, 1662.523193, 1, 11963
0.784300, 0.784350, SAFE, 9672.778569, 4012.226562, 3, 28318
0.786400, 0.786450, SAFE, 3944.410393, 1632.379028, 1, 11963
0.786450, 0.786500, SAFE, 3922.626061, 1629.929810, 1, 11963
0.786500, 0.786550, SAFE, 3940.526955, 1605.503906, 1, 11963
0.786550, 0.786600, SAFE, 3895.834992, 1599.450439, 1, 11963
0.786600, 0.786650, SAFE, 3912.309630, 1598.297241, 1, 11963
0.785700, 0.785750, SAFE, 5604.777123, 2399.126465, 2, 16052
0.776350, 0.776400, SAFE, 52947.256932, 22750.826172, 44, 149412
0.786650, 0.786700, SAFE, 3948.331773, 1622.078491, 1, 11963
0.785350, 0.785400, SAFE, 6407.750742, 2647.090332, 2, 19364
0.784350, 0.784400, SAFE, 9743.795455, 4065.668945, 3, 28318
0.785250, 0.785300, SAFE, 6662.202078, 2747.325195, 2, 19364
0.784400, 0.784450, SAFE, 9723.701138, 4014.865723, 3, 28318
0.786750, 0.786800, SAFE, 3831.147039, 1542.151855, 1, 11963
0.786700, 0.786750, SAFE, 3839.873162, 1581.838379, 1, 11963
0.780850, 0.780900, SAFE, 27222.005146, 11251.902344, 17, 81188
0.785300, 0.785350, SAFE, 6870.055042, 2873.312256, 2, 19364
0.784450, 0.784500, SAFE, 9727.555012, 4040.594727, 3, 28318
0.786800, 0.786850, SAFE, 3855.075350, 1551.794556, 1, 11963
0.786850, 0.786900, SAFE, 3818.631611, 1535.671631, 1, 11963
0.785750, 0.785800, SAFE, 5687.694078, 2441.932861, 2, 16052
0.784500, 0.784550, SAFE, 9525.448792, 3892.958252, 3, 28318
0.785800, 0.785850, SAFE, 5718.544087, 2422.912354, 2, 16052
0.785900, 0.785950, SAFE, 5581.811407, 2356.775635, 2, 16052
0.786900, 0.786950, SAFE, 3802.768673, 1536.376099, 1, 11963
0.785850, 0.785900, SAFE, 5659.794414, 2401.699463, 2, 16052
0.786950, 0.787000, SAFE, 3828.956398, 1539.762573, 1, 11963
0.787000, 0.787050, SAFE, 3839.342820, 1560.193115, 1, 11963
0.785950, 0.786000, SAFE, 5648.906201, 2410.734131, 2, 16052
0.786000, 0.786050, SAFE, 5629.650942, 2367.082764, 2, 16052
0.787050, 0.787100, SAFE, 3825.027578, 1520.857422, 1, 11963
0.787100, 0.787150, SAFE, 3831.683022, 1555.206177, 1, 11963
0.786100, 0.786150, SAFE, 5576.571109, 2362.095459, 2, 16052
0.786050, 0.786100, SAFE, 5608.488716, 2384.109619, 2, 16052
0.786300, 0.786350, SAFE, 5353.583778, 2207.626953, 2, 16052
0.786150, 0.786200, SAFE, 5592.546580, 2376.324463, 2, 16052
0.786250, 0.786300, SAFE, 5472.499097, 2270.386719, 2, 16052
0.786200, 0.786250, SAFE, 5622.197698, 2333.218262, 2, 16052
0.780900, 0.780950, SAFE, 28350.971026, 11565.772461, 16, 84188
0.787150, 0.787200, SAFE, 3830.115902, 1556.886353, 1, 11963
0.787250, 0.787300, SAFE, 3800.418577, 1540.865845, 1, 11963
0.787300, 0.787350, SAFE, 3809.181363, 1549.798340, 1, 11963
0.787200, 0.787250, SAFE, 3840.336459, 1529.892212, 1, 11963
0.787350, 0.787400, SAFE, 3858.283524, 1533.321411, 1, 11963
0.787400, 0.787450, SAFE, 3799.165210, 1526.825684, 1, 11963
0.787450, 0.787500, SAFE, 3835.364046, 1547.475586, 1, 11963
0.789500, 0.789550, SAFE, 4419.624463, 1895.612915, 3, 12969
0.789450, 0.789500, SAFE, 4485.992707, 1886.076172, 3, 12969
0.789600, 0.789650, SAFE, 4448.975970, 1874.345337, 3, 12969
0.789650, 0.789700, SAFE, 4449.535625, 1874.452271, 3, 12969
0.789550, 0.789600, SAFE, 4479.557626, 1892.200928, 3, 12969
0.789750, 0.789800, SAFE, 4373.318282, 1858.900146, 3, 12969
0.789700, 0.789750, SAFE, 4421.652779, 1866.148682, 3, 12969
0.789800, 0.789850, SAFE, 4434.408330, 1856.245117, 3, 12969
0.789850, 0.789900, SAFE, 4497.379991, 1914.797852, 3, 12969
0.788600, 0.788650, SAFE, 5987.970203, 2585.847900, 2, 16760
0.788550, 0.788600, SAFE, 6007.715300, 2564.477539, 2, 16760
0.788850, 0.788900, SAFE, 5937.817614, 2514.776611, 2, 16760
0.788750, 0.788800, SAFE, 5972.267012, 2533.185791, 2, 16760
0.788700, 0.788750, SAFE, 6005.488704, 2525.381592, 2, 16760
0.788650, 0.788700, SAFE, 6012.370341, 2550.613770, 2, 16760
0.788800, 0.788850, SAFE, 5994.508299, 2545.378906, 2, 16760
0.789050, 0.789100, SAFE, 5924.326940, 2507.147949, 2, 16760
0.788950, 0.789000, SAFE, 6000.192985, 2545.402832, 2, 16760
0.788900, 0.788950, SAFE, 6026.130996, 2557.796143, 2, 16760
0.789100, 0.789150, SAFE, 5901.031389, 2506.055908, 2, 16760
0.789000, 0.789050, SAFE, 6083.288805, 2565.721680, 2, 16760
0.789150, 0.789200, SAFE, 5935.711835, 2521.150879, 2, 16760
0.788050, 0.788100, SAFE, 6849.621768, 2964.906250, 3, 18943
0.789200, 0.789250, SAFE, 6007.544896, 2549.886230, 2, 16760
0.788000, 0.788050, SAFE, 6915.050714, 3002.589600, 3, 18943
0.788200, 0.788250, SAFE, 6823.266469, 2932.690674, 3, 18943
0.787950, 0.788000, SAFE, 6962.539644, 3013.017578, 3, 18943
0.788250, 0.788300, SAFE, 6820.526137, 2904.569824, 3, 18943
0.788150, 0.788200, SAFE, 6935.088948, 3001.505859, 3, 18943
0.782300, 0.782350, SAFE, 24151.182456, 10230.294922, 24, 69393
0.788350, 0.788400, SAFE, 6816.289509, 2926.586182, 3, 18943
0.788100, 0.788150, SAFE, 7035.157460, 3055.229492, 3, 18943
0.788300, 0.788350, SAFE, 6924.359753, 2948.769287, 3, 18943
0.788450, 0.788500, SAFE, 7127.164373, 3058.084229, 4, 20101
0.788500, 0.788550, SAFE, 7076.330951, 2980.913086, 4, 20101
0.788400, 0.788450, SAFE, 8019.885703, 3477.278564, 6, 22412
0.790000, 0.790050, SAFE, 7455.694236, 3037.309570, 3, 22855
0.790100, 0.790150, SAFE, 7488.833049, 3067.015381, 3, 22855
0.790050, 0.790100, SAFE, 7510.991540, 3051.209229, 3, 22855
0.789950, 0.790000, SAFE, 7670.574191, 3124.848145, 4, 23745
0.789250, 0.789300, SAFE, 8696.789445, 3618.287109, 3, 25456
0.790200, 0.790250, SAFE, 7600.872104, 3086.342773, 3, 22855
0.789900, 0.789950, SAFE, 7870.609772, 3151.911377, 4, 24785
0.790150, 0.790200, SAFE, 7641.546077, 3130.507568, 3, 22855
0.789350, 0.789400, SAFE, 8890.425956, 3748.495361, 3, 25456
0.789300, 0.789350, SAFE, 8929.983491, 3750.904297, 3, 25456
0.790250, 0.790300, SAFE, 7548.850439, 3097.226074, 3, 22855
0.790850, 0.790900, SAFE, 3941.020363, 1591.094849, 1, 11963
0.790650, 0.790700, SAFE, 4662.439427, 1869.647461, 2, 14938
0.790700, 0.790750, SAFE, 4691.385011, 1874.728271, 2, 14938
0.790600, 0.790650, SAFE, 4903.979625, 1956.174194, 3, 15580
0.790300, 0.790350, SAFE, 7529.525157, 3074.928955, 3, 22855
0.790350, 0.790400, SAFE, 7676.558663, 3152.041016, 3, 22855
0.790400, 0.790450, SAFE, 7544.583399, 3117.415039, 3, 22855
0.790450, 0.790500, SAFE, 7606.799810, 3121.039307, 3, 22855
0.791850, 0.791900, SAFE, 6404.789529, 2799.472168, 4, 17744
0.791900, 0.791950, SAFE, 6402.879934, 2789.562988, 4, 17744
0.791800, 0.791850, SAFE, 6547.264895, 2882.232422, 4, 17744
0.791950, 0.792000, SAFE, 6388.241497, 2775.822510, 4, 17744
0.790500, 0.790550, SAFE, 8108.029745, 3325.187988, 4, 25830
0.792000, 0.792050, SAFE, 6428.131731, 2807.236816, 4, 17744
0.790550, 0.790600, SAFE, 8172.973688, 3265.232910, 4, 25830
0.790750, 0.790800, SAFE, 7980.089866, 3191.995117, 5, 25433
0.792050, 0.792100, SAFE, 6401.908347, 2809.151611, 4, 17744
0.791700, 0.791750, SAFE, 7908.626939, 3406.474365, 5, 22539
0.789400, 0.789450, SAFE, 14017.322292, 5891.216797, 8, 41109
0.791550, 0.791600, SAFE, 8070.987716, 3468.580078, 5, 22539
0.791350, 0.791400, SAFE, 8256.015189, 3625.081787, 5, 22539
0.791450, 0.791500, SAFE, 8155.734252, 3561.488770, 5, 22539
0.791650, 0.791700, SAFE, 8046.529782, 3426.827148, 5, 22539
0.787700, 0.787750, SAFE, 15483.969357, 6659.722168, 19, 43488
0.791600, 0.791650, SAFE, 8153.014519, 3567.616211, 5, 22539
0.791500, 0.791550, SAFE, 8217.154174, 3525.587402, 5, 22539
0.791400, 0.791450, SAFE, 8284.122619, 3606.203613, 5, 22539
0.787650, 0.787700, SAFE, 15537.014036, 6688.635742, 19, 43488
0.787600, 0.787650, SAFE, 15601.457362, 6649.958496, 19, 43488
0.790800, 0.790850, SAFE, 8785.707466, 3648.807617, 5, 26223
0.791300, 0.791350, SAFE, 8391.923402, 3644.906006, 5, 22539
0.787750, 0.787800, SAFE, 15531.899293, 6659.910156, 19, 43488
0.791750, 0.791800, SAFE, 8362.650126, 3510.943848, 6, 24216
0.787800, 0.787850, SAFE, 15630.606503, 6727.990723, 19, 43488
0.787850, 0.787900, SAFE, 15564.331497, 6653.997070, 19, 43488
0.790900, 0.790950, SAFE, 9144.325668, 3747.109375, 3, 28319
0.792100, 0.792150, SAFE, 6409.958773, 2804.781006, 4, 17744
0.792150, 0.792200, SAFE, 6458.713850, 2792.943115, 4, 17744
0.792200, 0.792250, SAFE, 6449.851848, 2801.710205, 4, 17744
0.791250, 0.791300, SAFE, 9176.970605, 3916.956543, 6, 26289
0.787900, 0.787950, SAFE, 16058.929083, 6630.743652, 13, 48206
0.791100, 0.791150, SAFE, 9368.215556, 4054.413818, 6, 26289
0.791200, 0.791250, SAFE, 9377.033404, 4007.878662, 6, 26289
0.787550, 0.787600, SAFE, 18183.631526, 7625.060547, 20, 52705
0.792250, 0.792300, SAFE, 8491.066857, 3591.296387, 6, 25005
0.793400, 0.793450, SAFE, 3947.302943, 1658.099121, 1, 11960
0.792300, 0.792350, SAFE, 8817.989089, 3747.352295, 6, 25005
0.793450, 0.793500, SAFE, 4002.543452, 1670.395874, 1, 11960
0.793500, 0.793550, SAFE, 3913.934284, 1628.743652, 1, 11960
0.793550, 0.793600, SAFE, 3921.526619, 1613.014282, 1, 11960
0.793600, 0.793650, SAFE, 3924.328427, 1601.890869, 1, 11960
0.793750, 0.793800, SAFE, 3890.611686, 1603.743530, 1, 11960
0.793650, 0.793700, SAFE, 3969.140120, 1641.737305, 1, 11960
0.793700, 0.793750, SAFE, 3986.323011, 1641.932983, 1, 11960
0.793300, 0.793350, SAFE, 5152.716950, 2151.596924, 2, 14941
0.794000, 0.794050, SAFE, 3901.941666, 1609.181641, 1, 11960
0.793800, 0.793850, SAFE, 3933.324095, 1620.583618, 1, 11960
0.793900, 0.793950, SAFE, 3938.810060, 1634.011597, 1, 11960
0.793950, 0.794000, SAFE, 3951.738226, 1623.695190, 1, 11960
0.794050, 0.794100, SAFE, 3925.772076, 1622.212646, 1, 11960
0.792950, 0.793000, SAFE, 5870.937029, 2472.292725, 3, 17131
0.793850, 0.793900, SAFE, 3982.660101, 1656.935547, 1, 11960
0.794100, 0.794150, SAFE, 3974.654970, 1627.557251, 1, 11960
0.793000, 0.793050, SAFE, 5818.790272, 2411.516357, 3, 17131
0.794150, 0.794200, SAFE, 4018.591244, 1688.990356, 1, 11960
0.794200, 0.794250, SAFE, 3957.983728, 1627.242920, 1, 11960
0.794250, 0.794300, SAFE, 3924.025570, 1622.561035, 1, 11960
0.794350, 0.794400, SAFE, 3905.943227, 1601.291626, 1, 11960
0.791050, 0.791100, SAFE, 12805.519215, 5577.351562, 11, 35426
0.794300, 0.794350, SAFE, 3953.380763, 1640.979736, 1, 11960
0.792800, 0.792850, SAFE, 8873.441222, 3754.074951, 7, 25122
0.793250, 0.793300, SAFE, 5763.769788, 2389.628418, 3, 17131
0.794400, 0.794450, SAFE, 3929.219428, 1638.404785, 1, 11960
0.791150, 0.791200, SAFE, 13073.994096, 5698.313965, 11, 35426
0.793200, 0.793250, SAFE, 5938.252466, 2486.312256, 3, 17131
0.793100, 0.793150, SAFE, 6181.243295, 2590.005127, 4, 18021
0.793050, 0.793100, SAFE, 6223.613722, 2619.145020, 4, 18021
0.793150, 0.793200, SAFE, 6206.225864, 2617.019531, 4, 18021
0.791000, 0.791050, SAFE, 13696.597394, 5976.599121, 16, 38636
0.792850, 0.792900, SAFE, 8016.711580, 3382.610107, 6, 23194
0.794450, 0.794500, SAFE, 6532.552234, 2597.343262, 4, 21167
0.780300, 0.780350, SAFE, 51193.548764, 22739.072266, 48, 134750
0.795750, 0.795800, SAFE, 4054.651420, 1675.947754, 1, 12223
0.795850, 0.795900, SAFE, 3993.644899, 1675.532227, 1, 12223
0.795800, 0.795850, SAFE, 4039.161780, 1688.921143, 1, 12223
0.795950, 0.796000, SAFE, 4002.686873, 1669.062012, 1, 12223
0.795900, 0.795950, SAFE, 4115.841731, 1712.672607, 1, 12223
0.796350, 0.796400, SAFE, 4413.512583, 1847.634155, 2, 13124
0.796450, 0.796500, SAFE, 4435.866917, 1904.536499, 2, 13124
0.796300, 0.796350, SAFE, 4466.801263, 1887.379272, 2, 13124
0.796400, 0.796450, SAFE, 4468.788006, 1895.333740, 2, 13124
0.792750, 0.792800, SAFE, 13579.051534, 5805.988770, 15, 38280
0.796500, 0.796550, SAFE, 4453.601466, 1891.473267, 2, 13124
0.796550, 0.796600, SAFE, 4441.869505, 1878.360596, 2, 13124
0.794500, 0.794550, SAFE, 9257.693130, 4033.943604, 6, 25802
0.794550, 0.794600, SAFE, 9452.352472, 4136.285156, 6, 25802
0.794650, 0.794700, SAFE, 9353.779602, 4118.216797, 6, 25802
0.794700, 0.794750, SAFE, 9409.871033, 4102.622559, 6, 25802
0.796600, 0.796650, SAFE, 4450.177244, 1858.396851, 2, 13124
0.794750, 0.794800, SAFE, 9446.686171, 4086.082520, 6, 25802
0.792900, 0.792950, SAFE, 12418.519551, 5250.453613, 12, 35334
0.790950, 0.791000, SAFE, 19298.964979, 7935.180176, 10, 56672
0.794800, 0.794850, SAFE, 9449.626692, 4125.702148, 6, 25802
0.795250, 0.795300, SAFE, 7564.551277, 3291.263184, 5, 21008
0.795450, 0.795500, SAFE, 7495.462325, 3313.107666, 5, 21008
0.795200, 0.795250, SAFE, 7599.516770, 3336.413818, 5, 21008
0.795300, 0.795350, SAFE, 7558.018713, 3281.470947, 5, 21008
0.795350, 0.795400, SAFE, 7602.393781, 3317.096680, 5, 21008
0.795400, 0.795450, SAFE, 7627.676162, 3333.262695, 5, 21008
0.796650, 0.796700, SAFE, 4473.054897, 1910.996460, 2, 13124
0.796950, 0.797000, SAFE, 3783.110020, 1564.257080, 1, 11960
0.794850, 0.794900, SAFE, 9322.787050, 4062.311768, 6, 25802
0.796000, 0.796050, SAFE, 7938.762527, 3367.250244, 3, 22860
0.796100, 0.796150, SAFE, 7926.475661, 3381.874023, 3, 22860
0.796050, 0.796100, SAFE, 8012.702039, 3360.718018, 3, 22860
0.796200, 0.796250, SAFE, 7959.921894, 3327.841064, 3, 22860
0.796150, 0.796200, SAFE, 8010.673803, 3376.085205, 3, 22860
0.796700, 0.796750, SAFE, 4486.638756, 1914.808105, 2, 13124
0.796800, 0.796850, SAFE, 4435.808836, 1875.197632, 2, 13124
0.796750, 0.796800, SAFE, 4541.108574, 1937.048340, 2, 13124
0.795150, 0.795200, SAFE, 8820.588904, 3761.108398, 6, 25802
0.796850, 0.796900, SAFE, 4577.951305, 1940.081421, 2, 13124
0.794950, 0.795000, SAFE, 9398.777484, 4109.884766, 6, 25802
0.794900, 0.794950, SAFE, 9585.644930, 4217.409180, 6, 25802
0.792700, 0.792750, SAFE, 17438.326583, 7393.390137, 17, 48904
0.797000, 0.797050, SAFE, 3858.352354, 1608.525757, 1, 11960
0.797050, 0.797100, SAFE, 3928.553046, 1664.354614, 1, 11960
0.795000, 0.795050, SAFE, 9437.484881, 4165.890625, 6, 25802
0.795050, 0.795100, SAFE, 9576.794981, 4296.069336, 6, 25802
0.795100, 0.795150, SAFE, 9586.676600, 4326.157715, 6, 25802
0.795700, 0.795750, SAFE, 9965.461631, 4228.369629, 6, 27891
0.795500, 0.795550, SAFE, 10245.912773, 4610.776855, 6, 27891
0.795600, 0.795650, SAFE, 10375.483702, 4625.523438, 6, 27891
0.797300, 0.797350, SAFE, 5421.844639, 2431.666504, 2, 14162
0.792400, 0.792450, SAFE, 21002.853628, 9071.540039, 26, 58736
0.796250, 0.796300, SAFE, 10929.169516, 4768.800781, 9, 30851
0.797350, 0.797400, SAFE, 5517.069524, 2499.292969, 2, 14162
0.797400, 0.797450, SAFE, 5487.760012, 2483.566895, 2, 14162
0.797600, 0.797650, SAFE, 5472.200028, 2517.265137, 2, 14162
0.797450, 0.797500, SAFE, 5540.702690, 2580.294434, 2, 14162
0.797500, 0.797550, SAFE, 5515.213854, 2618.576904, 2, 14162
0.797550, 0.797600, SAFE, 5539.853602, 2539.811768, 2, 14162
0.797650, 0.797700, SAFE, 5583.652413, 2528.027588, 2, 14162
0.792350, 0.792400, SAFE, 21758.942357, 9375.426758, 25, 64139
0.797700, 0.797750, SAFE, 5648.448576, 2676.718262, 2, 14162
0.797750, 0.797800, SAFE, 5717.996383, 2679.831299, 2, 14162
0.796900, 0.796950, SAFE, 8828.924698, 3836.840576, 3, 24677
0.797850, 0.797900, SAFE, 5728.898761, 2579.101318, 2, 14162
0.797950, 0.798000, SAFE, 5684.459497, 2620.228271, 2, 14162
0.798000, 0.798050, SAFE, 5671.417005, 2622.246094, 2, 14162
0.797900, 0.797950, SAFE, 5751.814205, 2662.532471, 2, 14162
0.797800, 0.797850, SAFE, 5759.342377, 2664.498779, 2, 14162
0.798100, 0.798150, SAFE, 5731.453812, 2616.450684, 2, 14162
0.798050, 0.798100, SAFE, 5722.823898, 2639.467529, 2, 14162
0.798150, 0.798200, SAFE, 5733.717942, 2600.459961, 2, 14162
0.797100, 0.797150, SAFE, 8713.580705, 3852.342773, 3, 23376
0.799000, 0.799050, SAFE, 4689.708647, 2072.868164, 1, 11960
0.798200, 0.798250, SAFE, 5688.039588, 2624.326172, 2, 14162
0.792500, 0.792550, SAFE, 23153.532466, 10417.208008, 21, 60035
0.797200, 0.797250, SAFE, 8762.094438, 3838.552002, 3, 23376
0.799050, 0.799100, SAFE, 4572.705681, 2056.964111, 1, 11960
0.798300, 0.798350, SAFE, 5768.560959, 2638.498291, 2, 14162
0.798250, 0.798300, SAFE, 5709.890747, 2597.417236, 2, 14162
0.798350, 0.798400, SAFE, 5680.514769, 2600.870361, 2, 14162
0.799100, 0.799150, SAFE, 4663.511089, 2042.245728, 1, 11960
0.797250, 0.797300, SAFE, 8940.830152, 3998.728760, 4, 24270
0.798400, 0.798450, SAFE, 5715.282868, 2591.322266, 2, 14162
Covered Ranges:
0.750000, 0.769100
0.769150, 0.779650
0.779700, 0.787500
0.787550, 0.792450
0.792500, 0.792550
0.792700, 0.793350
0.793400, 0.794600
0.794650, 0.795550
0.795600, 0.795650
0.795700, 0.797150
0.797200, 0.798450
0.799000, 0.799150
Uncovered Ranges:
0.769100, 0.769150
0.779650, 0.779700
0.787500, 0.787550
0.792450, 0.792500
0.792550, 0.792700
0.793350, 0.793400
0.794600, 0.794650
0.795550, 0.795600
0.795650, 0.795700
0.797150, 0.797200
0.798450, 0.799000